"warehouseID","Block","Date","containerID","haulierID","remarks","LotID"
"A",0,"2021-10-01","c275","h001",NA,NA
"A",1,"2021-10-01","c275","h001",NA,NA
"A",2,"2021-10-01","c275","h001",NA,NA
"A",3,"2021-10-01","c275","h001",NA,NA
"A",4,"2021-10-01","c275","h001",NA,NA
"A",5,"2021-10-01","c275","h001",NA,NA
"A",5,"2021-10-01","c112","h001",NA,NA
"A",6,"2021-10-01","c112","h001",NA,NA
"A",7,"2021-10-01","c112","h001",NA,NA
"A",8,"2021-10-01","c112","h001",NA,NA
"A",9,"2021-10-01","c112","h001",NA,NA
"A",9,"2021-10-01","c263","h001",NA,NA
"A",10,"2021-10-01","c263","h001",NA,NA
"A",11,"2021-10-01","c263","h001",NA,NA
"A",12,"2021-10-01","c263","h001",NA,NA
"A",13,"2021-10-01","c263","h001",NA,NA
"A",14,"2021-10-01","c263","h001",NA,NA
"A",14,"2021-10-01","c291","h001",NA,NA
"A",15,"2021-10-01","c291","h001",NA,NA
"A",16,"2021-10-01","c291","h001",NA,NA
"A",17,"2021-10-01","c291","h001",NA,NA
"A",18,"2021-10-01","c291","h001",NA,NA
"A",19,"2021-10-01","c291","h001",NA,NA
"A",19,"2021-10-01","c067","h001",NA,NA
"A",20,"2021-10-01","c067","h001",NA,NA
"A",21,"2021-10-01","c067","h001",NA,NA
"A",21,"2021-10-01","c193","h001",NA,NA
"A",22,"2021-10-01","c193","h001",NA,NA
"A",23,"2021-10-01","c193","h001",NA,NA
"A",24,"2021-10-01","c193","h001",NA,NA
"A",25,"2021-10-01","c193","h001",NA,NA
"A",25,"2021-10-01","c108","h001",NA,NA
"A",26,"2021-10-01","c108","h001",NA,NA
"A",27,"2021-10-01","c108","h001",NA,NA
"A",27,"2021-10-01","c141","h001",NA,NA
"A",28,"2021-10-01","c141","h001",NA,NA
"A",29,"2021-10-01","c141","h001",NA,NA
"A",30,"2021-10-01","c141","h001",NA,NA
"A",31,"2021-10-01","c141","h001",NA,NA
"A",31,"2021-10-01","c224","h001",NA,NA
"A",32,"2021-10-01","c224","h001",NA,NA
"A",33,"2021-10-01","c224","h001",NA,NA
"A",33,"2021-10-01","c338","h001",NA,NA
"A",34,"2021-10-01","c338","h001",NA,NA
"A",35,"2021-10-01","c338","h001",NA,NA
"A",36,"2021-10-01","c338","h001",NA,NA
"A",36,"2021-10-01","c227","h001",NA,NA
"A",37,"2021-10-01","c227","h001",NA,NA
"A",38,"2021-10-01","c227","h001",NA,NA
"A",39,"2021-10-01","c227","h001",NA,NA
"A",40,"2021-10-01","c227","h001",NA,NA
"A",40,"2021-10-01","c050","h001",NA,NA
"A",41,"2021-10-01","c050","h001",NA,NA
"A",42,"2021-10-01","c050","h001",NA,NA
"A",43,"2021-10-01","c050","h001",NA,NA
"A",44,"2021-10-01","c050","h001",NA,NA
"A",45,"2021-10-01","c050","h001",NA,NA
"A",0,"2021-10-01","c295","h001",NA,NA
"A",1,"2021-10-01","c295","h001",NA,NA
"A",2,"2021-10-01","c295","h001",NA,NA
"A",3,"2021-10-01","c295","h001",NA,NA
"A",4,"2021-10-01","c295","h001",NA,NA
"A",4,"2021-10-01","c049","h001",NA,NA
"A",5,"2021-10-01","c049","h001",NA,NA
"A",6,"2021-10-01","c049","h001",NA,NA
"A",7,"2021-10-01","c049","h001",NA,NA
"A",8,"2021-10-01","c049","h001",NA,NA
"A",9,"2021-10-01","c049","h001",NA,NA
"A",9,"2021-10-01","c363","h001",NA,NA
"A",10,"2021-10-01","c363","h001",NA,NA
"A",11,"2021-10-01","c363","h001",NA,NA
"A",12,"2021-10-01","c363","h001",NA,NA
"A",13,"2021-10-01","c363","h001",NA,NA
"A",14,"2021-10-01","c363","h001",NA,NA
"A",14,"2021-10-01","c301","h001",NA,NA
"A",15,"2021-10-01","c301","h001",NA,NA
"A",16,"2021-10-01","c301","h001",NA,NA
"A",17,"2021-10-01","c301","h001",NA,NA
"A",18,"2021-10-01","c301","h001",NA,NA
"A",19,"2021-10-01","c301","h001",NA,NA
"A",19,"2021-10-01","c468","h001",NA,NA
"A",20,"2021-10-01","c468","h001",NA,NA
"A",21,"2021-10-01","c468","h001",NA,NA
"A",22,"2021-10-01","c468","h001",NA,NA
"A",23,"2021-10-01","c468","h001",NA,NA
"A",24,"2021-10-01","c468","h001",NA,NA
"A",24,"2021-10-01","c444","h001",NA,NA
"A",25,"2021-10-01","c444","h001",NA,NA
"A",26,"2021-10-01","c444","h001",NA,NA
"A",27,"2021-10-01","c444","h001",NA,NA
"A",27,"2021-10-01","c261","h001",NA,NA
"A",28,"2021-10-01","c261","h001",NA,NA
"A",29,"2021-10-01","c261","h001",NA,NA
"A",29,"2021-10-01","c288","h001",NA,NA
"A",30,"2021-10-01","c288","h001",NA,NA
"A",31,"2021-10-01","c288","h001",NA,NA
"A",32,"2021-10-01","c288","h001",NA,NA
"A",33,"2021-10-01","c288","h001",NA,NA
"A",34,"2021-10-01","c288","h001",NA,NA
"A",34,"2021-10-01","c354","h001",NA,NA
"A",35,"2021-10-01","c354","h001",NA,NA
"A",36,"2021-10-01","c354","h001",NA,NA
"A",37,"2021-10-01","c354","h001",NA,NA
"A",37,"2021-10-01","c039","h001",NA,NA
"A",38,"2021-10-01","c039","h001",NA,NA
"A",39,"2021-10-01","c039","h001",NA,NA
"A",40,"2021-10-01","c039","h001",NA,NA
"A",40,"2021-10-01","c298","h001",NA,NA
"A",41,"2021-10-01","c298","h001",NA,NA
"A",42,"2021-10-01","c298","h001",NA,NA
"A",43,"2021-10-01","c298","h001",NA,NA
"A",44,"2021-10-01","c298","h001",NA,NA
"A",44,"2021-10-01","c369","h001",NA,NA
"A",45,"2021-10-01","c369","h001",NA,NA
"A",46,"2021-10-01","c369","h001",NA,NA
"A",0,"2021-10-01","c007","h001",NA,NA
"A",1,"2021-10-01","c007","h001",NA,NA
"A",2,"2021-10-01","c007","h001",NA,NA
"A",3,"2021-10-01","c007","h001",NA,NA
"A",4,"2021-10-01","c007","h001",NA,NA
"A",4,"2021-10-01","c243","h001",NA,NA
"A",5,"2021-10-01","c243","h001",NA,NA
"A",6,"2021-10-01","c243","h001",NA,NA
"A",6,"2021-10-01","c096","h001",NA,NA
"A",7,"2021-10-01","c096","h001",NA,NA
"A",8,"2021-10-01","c096","h001",NA,NA
"A",8,"2021-10-01","c371","h001",NA,NA
"A",9,"2021-10-01","c371","h001",NA,NA
"A",10,"2021-10-01","c371","h001",NA,NA
"A",11,"2021-10-01","c371","h001",NA,NA
"A",12,"2021-10-01","c371","h001",NA,NA
"A",12,"2021-10-01","c268","h001",NA,NA
"A",13,"2021-10-01","c268","h001",NA,NA
"A",14,"2021-10-01","c268","h001",NA,NA
"A",15,"2021-10-01","c268","h001",NA,NA
"A",15,"2021-10-01","c345","h001",NA,NA
"A",16,"2021-10-01","c345","h001",NA,NA
"A",17,"2021-10-01","c345","h001",NA,NA
"A",18,"2021-10-01","c345","h001",NA,NA
"A",18,"2021-10-01","c389","h001",NA,NA
"A",19,"2021-10-01","c389","h001",NA,NA
"A",20,"2021-10-01","c389","h001",NA,NA
"A",21,"2021-10-01","c389","h001",NA,NA
"A",21,"2021-10-01","c412","h001",NA,NA
"A",22,"2021-10-01","c412","h001",NA,NA
"A",23,"2021-10-01","c412","h001",NA,NA
"A",23,"2021-10-01","c366","h001",NA,NA
"A",24,"2021-10-01","c366","h001",NA,NA
"A",25,"2021-10-01","c366","h001",NA,NA
"A",25,"2021-10-01","c401","h001",NA,NA
"A",26,"2021-10-01","c401","h001",NA,NA
"A",27,"2021-10-01","c401","h001",NA,NA
"A",28,"2021-10-01","c401","h001",NA,NA
"A",29,"2021-10-01","c401","h001",NA,NA
"A",29,"2021-10-01","c414","h001",NA,NA
"A",30,"2021-10-01","c414","h001",NA,NA
"A",31,"2021-10-01","c414","h001",NA,NA
"A",32,"2021-10-01","c414","h001",NA,NA
"A",32,"2021-10-01","c488","h001",NA,NA
"A",33,"2021-10-01","c488","h001",NA,NA
"A",34,"2021-10-01","c488","h001",NA,NA
"A",35,"2021-10-01","c488","h001",NA,NA
"A",36,"2021-10-01","c488","h001",NA,NA
"A",36,"2021-10-01","c308","h001",NA,NA
"A",37,"2021-10-01","c308","h001",NA,NA
"A",38,"2021-10-01","c308","h001",NA,NA
"A",39,"2021-10-01","c308","h001",NA,NA
"A",40,"2021-10-01","c308","h001",NA,NA
"A",40,"2021-10-01","c325","h001",NA,NA
"A",41,"2021-10-01","c325","h001",NA,NA
"A",42,"2021-10-01","c325","h001",NA,NA
"A",43,"2021-10-01","c325","h001",NA,NA
"A",44,"2021-10-01","c325","h001",NA,NA
"A",45,"2021-10-01","c325","h001",NA,NA
"A",0,"2021-10-01","c236","h001",NA,NA
"A",1,"2021-10-01","c236","h001",NA,NA
"A",2,"2021-10-01","c236","h001",NA,NA
"A",3,"2021-10-01","c236","h001",NA,NA
"A",4,"2021-10-01","c236","h001",NA,NA
"A",4,"2021-10-01","c031","h001",NA,NA
"A",5,"2021-10-01","c031","h001",NA,NA
"A",6,"2021-10-01","c031","h001",NA,NA
"A",7,"2021-10-01","c031","h001",NA,NA
"A",8,"2021-10-01","c031","h001",NA,NA
"A",9,"2021-10-01","c031","h001",NA,NA
"A",9,"2021-10-01","c237","h001",NA,NA
"A",10,"2021-10-01","c237","h001",NA,NA
"A",11,"2021-10-01","c237","h001",NA,NA
"A",12,"2021-10-01","c237","h001",NA,NA
"A",12,"2021-10-01","c224","h001",NA,NA
"A",13,"2021-10-01","c224","h001",NA,NA
"A",14,"2021-10-01","c224","h001",NA,NA
"A",14,"2021-10-01","c256","h001",NA,NA
"A",15,"2021-10-01","c256","h001",NA,NA
"A",16,"2021-10-01","c256","h001",NA,NA
"A",16,"2021-10-01","c401","h001",NA,NA
"A",17,"2021-10-01","c401","h001",NA,NA
"A",18,"2021-10-01","c401","h001",NA,NA
"A",19,"2021-10-01","c401","h001",NA,NA
"A",20,"2021-10-01","c401","h001",NA,NA
"A",20,"2021-10-01","c123","h001",NA,NA
"A",21,"2021-10-01","c123","h001",NA,NA
"A",22,"2021-10-01","c123","h001",NA,NA
"A",22,"2021-10-01","c290","h001",NA,NA
"A",23,"2021-10-01","c290","h001",NA,NA
"A",24,"2021-10-01","c290","h001",NA,NA
"A",24,"2021-10-01","c266","h001",NA,NA
"A",25,"2021-10-01","c266","h001",NA,NA
"A",26,"2021-10-01","c266","h001",NA,NA
"A",27,"2021-10-01","c266","h001",NA,NA
"A",28,"2021-10-01","c266","h001",NA,NA
"A",28,"2021-10-01","c495","h001",NA,NA
"A",29,"2021-10-01","c495","h001",NA,NA
"A",30,"2021-10-01","c495","h001",NA,NA
"A",31,"2021-10-01","c495","h001",NA,NA
"A",31,"2021-10-01","c181","h001",NA,NA
"A",32,"2021-10-01","c181","h001",NA,NA
"A",33,"2021-10-01","c181","h001",NA,NA
"A",34,"2021-10-01","c181","h001",NA,NA
"A",34,"2021-10-01","c441","h001",NA,NA
"A",35,"2021-10-01","c441","h001",NA,NA
"A",36,"2021-10-01","c441","h001",NA,NA
"A",37,"2021-10-01","c441","h001",NA,NA
"A",38,"2021-10-01","c441","h001",NA,NA
"A",38,"2021-10-01","c196","h001",NA,NA
"A",39,"2021-10-01","c196","h001",NA,NA
"A",40,"2021-10-01","c196","h001",NA,NA
"A",41,"2021-10-01","c196","h001",NA,NA
"A",42,"2021-10-01","c196","h001",NA,NA
"A",42,"2021-10-01","c048","h001",NA,NA
"A",43,"2021-10-01","c048","h001",NA,NA
"A",44,"2021-10-01","c048","h001",NA,NA
"A",45,"2021-10-01","c048","h001",NA,NA
"A",46,"2021-10-01","c048","h001",NA,NA
"A",47,"2021-10-01","c048","h001",NA,NA
"A",0,"2021-10-01","c254","h001",NA,NA
"A",1,"2021-10-01","c254","h001",NA,NA
"A",2,"2021-10-01","c254","h001",NA,NA
"A",3,"2021-10-01","c254","h001",NA,NA
"A",3,"2021-10-01","c458","h001",NA,NA
"A",4,"2021-10-01","c458","h001",NA,NA
"A",5,"2021-10-01","c458","h001",NA,NA
"A",6,"2021-10-01","c458","h001",NA,NA
"A",6,"2021-10-01","c315","h001",NA,NA
"A",7,"2021-10-01","c315","h001",NA,NA
"A",8,"2021-10-01","c315","h001",NA,NA
"A",9,"2021-10-01","c315","h001",NA,NA
"A",9,"2021-10-01","c034","h001",NA,NA
"A",10,"2021-10-01","c034","h001",NA,NA
"A",11,"2021-10-01","c034","h001",NA,NA
"A",12,"2021-10-01","c034","h001",NA,NA
"A",12,"2021-10-01","c286","h001",NA,NA
"A",13,"2021-10-01","c286","h001",NA,NA
"A",14,"2021-10-01","c286","h001",NA,NA
"A",15,"2021-10-01","c286","h001",NA,NA
"A",16,"2021-10-01","c286","h001",NA,NA
"A",17,"2021-10-01","c286","h001",NA,NA
"A",17,"2021-10-01","c237","h001",NA,NA
"A",18,"2021-10-01","c237","h001",NA,NA
"A",19,"2021-10-01","c237","h001",NA,NA
"A",20,"2021-10-01","c237","h001",NA,NA
"A",21,"2021-10-01","c237","h001",NA,NA
"A",0,"2021-10-02","c120","h001",NA,NA
"A",1,"2021-10-02","c120","h001",NA,NA
"A",2,"2021-10-02","c120","h001",NA,NA
"A",3,"2021-10-02","c120","h001",NA,NA
"A",4,"2021-10-02","c120","h001",NA,NA
"A",4,"2021-10-02","c480","h001",NA,NA
"A",5,"2021-10-02","c480","h001",NA,NA
"A",6,"2021-10-02","c480","h001",NA,NA
"A",7,"2021-10-02","c480","h001",NA,NA
"A",8,"2021-10-02","c480","h001",NA,NA
"A",9,"2021-10-02","c480","h001",NA,NA
"A",9,"2021-10-02","c249","h001",NA,NA
"A",10,"2021-10-02","c249","h001",NA,NA
"A",11,"2021-10-02","c249","h001",NA,NA
"A",12,"2021-10-02","c249","h001",NA,NA
"A",13,"2021-10-02","c249","h001",NA,NA
"A",14,"2021-10-02","c249","h001",NA,NA
"A",14,"2021-10-02","c332","h001",NA,NA
"A",15,"2021-10-02","c332","h001",NA,NA
"A",16,"2021-10-02","c332","h001",NA,NA
"A",17,"2021-10-02","c332","h001",NA,NA
"A",18,"2021-10-02","c332","h001",NA,NA
"A",19,"2021-10-02","c332","h001",NA,NA
"A",19,"2021-10-02","c438","h001",NA,NA
"A",20,"2021-10-02","c438","h001",NA,NA
"A",21,"2021-10-02","c438","h001",NA,NA
"A",22,"2021-10-02","c438","h001",NA,NA
"A",23,"2021-10-02","c438","h001",NA,NA
"A",24,"2021-10-02","c438","h001",NA,NA
"A",24,"2021-10-02","c367","h001",NA,NA
"A",25,"2021-10-02","c367","h001",NA,NA
"A",26,"2021-10-02","c367","h001",NA,NA
"A",27,"2021-10-02","c367","h001",NA,NA
"A",28,"2021-10-02","c367","h001",NA,NA
"A",28,"2021-10-02","c380","h001",NA,NA
"A",29,"2021-10-02","c380","h001",NA,NA
"A",30,"2021-10-02","c380","h001",NA,NA
"A",31,"2021-10-02","c380","h001",NA,NA
"A",32,"2021-10-02","c380","h001",NA,NA
"A",33,"2021-10-02","c380","h001",NA,NA
"A",33,"2021-10-02","c131","h001",NA,NA
"A",34,"2021-10-02","c131","h001",NA,NA
"A",35,"2021-10-02","c131","h001",NA,NA
"A",36,"2021-10-02","c131","h001",NA,NA
"A",37,"2021-10-02","c131","h001",NA,NA
"A",38,"2021-10-02","c131","h001",NA,NA
"A",38,"2021-10-02","c076","h001",NA,NA
"A",39,"2021-10-02","c076","h001",NA,NA
"A",40,"2021-10-02","c076","h001",NA,NA
"A",41,"2021-10-02","c076","h001",NA,NA
"A",41,"2021-10-02","c121","h001",NA,NA
"A",42,"2021-10-02","c121","h001",NA,NA
"A",43,"2021-10-02","c121","h001",NA,NA
"A",44,"2021-10-02","c121","h001",NA,NA
"A",45,"2021-10-02","c121","h001",NA,NA
"A",0,"2021-10-02","c244","h001",NA,NA
"A",1,"2021-10-02","c244","h001",NA,NA
"A",2,"2021-10-02","c244","h001",NA,NA
"A",3,"2021-10-02","c244","h001",NA,NA
"A",4,"2021-10-02","c244","h001",NA,NA
"A",4,"2021-10-02","c188","h001",NA,NA
"A",5,"2021-10-02","c188","h001",NA,NA
"A",6,"2021-10-02","c188","h001",NA,NA
"A",6,"2021-10-02","c397","h001",NA,NA
"A",7,"2021-10-02","c397","h001",NA,NA
"A",8,"2021-10-02","c397","h001",NA,NA
"A",8,"2021-10-02","c158","h001",NA,NA
"A",9,"2021-10-02","c158","h001",NA,NA
"A",10,"2021-10-02","c158","h001",NA,NA
"A",10,"2021-10-02","c409","h001",NA,NA
"A",11,"2021-10-02","c409","h001",NA,NA
"A",12,"2021-10-02","c409","h001",NA,NA
"A",13,"2021-10-02","c409","h001",NA,NA
"A",14,"2021-10-02","c409","h001",NA,NA
"A",14,"2021-10-02","c114","h001",NA,NA
"A",15,"2021-10-02","c114","h001",NA,NA
"A",16,"2021-10-02","c114","h001",NA,NA
"A",17,"2021-10-02","c114","h001",NA,NA
"A",18,"2021-10-02","c114","h001",NA,NA
"A",19,"2021-10-02","c114","h001",NA,NA
"A",19,"2021-10-02","c313","h001",NA,NA
"A",20,"2021-10-02","c313","h001",NA,NA
"A",21,"2021-10-02","c313","h001",NA,NA
"A",22,"2021-10-02","c313","h001",NA,NA
"A",23,"2021-10-02","c313","h001",NA,NA
"A",23,"2021-10-02","c177","h001",NA,NA
"A",24,"2021-10-02","c177","h001",NA,NA
"A",25,"2021-10-02","c177","h001",NA,NA
"A",26,"2021-10-02","c177","h001",NA,NA
"A",27,"2021-10-02","c177","h001",NA,NA
"A",27,"2021-10-02","c366","h001",NA,NA
"A",28,"2021-10-02","c366","h001",NA,NA
"A",29,"2021-10-02","c366","h001",NA,NA
"A",30,"2021-10-02","c366","h001",NA,NA
"A",30,"2021-10-02","c454","h001",NA,NA
"A",31,"2021-10-02","c454","h001",NA,NA
"A",32,"2021-10-02","c454","h001",NA,NA
"A",33,"2021-10-02","c454","h001",NA,NA
"A",34,"2021-10-02","c454","h001",NA,NA
"A",34,"2021-10-02","c270","h001",NA,NA
"A",35,"2021-10-02","c270","h001",NA,NA
"A",36,"2021-10-02","c270","h001",NA,NA
"A",37,"2021-10-02","c270","h001",NA,NA
"A",38,"2021-10-02","c270","h001",NA,NA
"A",38,"2021-10-02","c268","h001",NA,NA
"A",39,"2021-10-02","c268","h001",NA,NA
"A",40,"2021-10-02","c268","h001",NA,NA
"A",40,"2021-10-02","c140","h001",NA,NA
"A",41,"2021-10-02","c140","h001",NA,NA
"A",42,"2021-10-02","c140","h001",NA,NA
"A",42,"2021-10-02","c133","h001",NA,NA
"A",43,"2021-10-02","c133","h001",NA,NA
"A",44,"2021-10-02","c133","h001",NA,NA
"A",45,"2021-10-02","c133","h001",NA,NA
"A",0,"2021-10-02","c420","h001",NA,NA
"A",1,"2021-10-02","c420","h001",NA,NA
"A",2,"2021-10-02","c420","h001",NA,NA
"A",3,"2021-10-02","c420","h001",NA,NA
"A",4,"2021-10-02","c420","h001",NA,NA
"A",5,"2021-10-02","c420","h001",NA,NA
"A",5,"2021-10-02","c365","h001",NA,NA
"A",6,"2021-10-02","c365","h001",NA,NA
"A",7,"2021-10-02","c365","h001",NA,NA
"A",8,"2021-10-02","c365","h001",NA,NA
"A",9,"2021-10-02","c365","h001",NA,NA
"A",9,"2021-10-02","c016","h001",NA,NA
"A",10,"2021-10-02","c016","h001",NA,NA
"A",11,"2021-10-02","c016","h001",NA,NA
"A",12,"2021-10-02","c016","h001",NA,NA
"A",13,"2021-10-02","c016","h001",NA,NA
"A",14,"2021-10-02","c016","h001",NA,NA
"A",14,"2021-10-02","c334","h001",NA,NA
"A",15,"2021-10-02","c334","h001",NA,NA
"A",16,"2021-10-02","c334","h001",NA,NA
"A",16,"2021-10-02","c382","h001",NA,NA
"A",17,"2021-10-02","c382","h001",NA,NA
"A",18,"2021-10-02","c382","h001",NA,NA
"A",19,"2021-10-02","c382","h001",NA,NA
"A",20,"2021-10-02","c382","h001",NA,NA
"A",20,"2021-10-02","c422","h001",NA,NA
"A",21,"2021-10-02","c422","h001",NA,NA
"A",22,"2021-10-02","c422","h001",NA,NA
"A",22,"2021-10-02","c236","h001",NA,NA
"A",23,"2021-10-02","c236","h001",NA,NA
"A",24,"2021-10-02","c236","h001",NA,NA
"A",24,"2021-10-02","c280","h001",NA,NA
"A",25,"2021-10-02","c280","h001",NA,NA
"A",26,"2021-10-02","c280","h001",NA,NA
"A",27,"2021-10-02","c280","h001",NA,NA
"A",28,"2021-10-02","c280","h001",NA,NA
"A",29,"2021-10-02","c280","h001",NA,NA
"A",29,"2021-10-02","c120","h001",NA,NA
"A",30,"2021-10-02","c120","h001",NA,NA
"A",31,"2021-10-02","c120","h001",NA,NA
"A",32,"2021-10-02","c120","h001",NA,NA
"A",33,"2021-10-02","c120","h001",NA,NA
"A",34,"2021-10-02","c120","h001",NA,NA
"A",34,"2021-10-02","c241","h001",NA,NA
"A",35,"2021-10-02","c241","h001",NA,NA
"A",36,"2021-10-02","c241","h001",NA,NA
"A",37,"2021-10-02","c241","h001",NA,NA
"A",37,"2021-10-02","c018","h001",NA,NA
"A",38,"2021-10-02","c018","h001",NA,NA
"A",39,"2021-10-02","c018","h001",NA,NA
"A",40,"2021-10-02","c018","h001",NA,NA
"A",41,"2021-10-02","c018","h001",NA,NA
"A",41,"2021-10-02","c097","h001",NA,NA
"A",42,"2021-10-02","c097","h001",NA,NA
"A",43,"2021-10-02","c097","h001",NA,NA
"A",44,"2021-10-02","c097","h001",NA,NA
"A",45,"2021-10-02","c097","h001",NA,NA
"A",46,"2021-10-02","c097","h001",NA,NA
"A",0,"2021-10-02","c492","h001",NA,NA
"A",1,"2021-10-02","c492","h001",NA,NA
"A",2,"2021-10-02","c492","h001",NA,NA
"A",3,"2021-10-02","c492","h001",NA,NA
"A",4,"2021-10-02","c492","h001",NA,NA
"A",5,"2021-10-02","c492","h001",NA,NA
"A",5,"2021-10-02","c386","h001",NA,NA
"A",6,"2021-10-02","c386","h001",NA,NA
"A",7,"2021-10-02","c386","h001",NA,NA
"A",8,"2021-10-02","c386","h001",NA,NA
"A",8,"2021-10-02","c155","h001",NA,NA
"A",9,"2021-10-02","c155","h001",NA,NA
"A",10,"2021-10-02","c155","h001",NA,NA
"A",10,"2021-10-02","c008","h001",NA,NA
"A",11,"2021-10-02","c008","h001",NA,NA
"A",12,"2021-10-02","c008","h001",NA,NA
"A",13,"2021-10-02","c008","h001",NA,NA
"A",14,"2021-10-02","c008","h001",NA,NA
"A",15,"2021-10-02","c008","h001",NA,NA
"A",15,"2021-10-02","c162","h001",NA,NA
"A",16,"2021-10-02","c162","h001",NA,NA
"A",17,"2021-10-02","c162","h001",NA,NA
"A",18,"2021-10-02","c162","h001",NA,NA
"A",19,"2021-10-02","c162","h001",NA,NA
"A",20,"2021-10-02","c162","h001",NA,NA
"A",20,"2021-10-02","c189","h001",NA,NA
"A",21,"2021-10-02","c189","h001",NA,NA
"A",22,"2021-10-02","c189","h001",NA,NA
"A",23,"2021-10-02","c189","h001",NA,NA
"A",24,"2021-10-02","c189","h001",NA,NA
"A",25,"2021-10-02","c189","h001",NA,NA
"A",25,"2021-10-02","c129","h001",NA,NA
"A",26,"2021-10-02","c129","h001",NA,NA
"A",27,"2021-10-02","c129","h001",NA,NA
"A",28,"2021-10-02","c129","h001",NA,NA
"A",0,"2021-10-03","c343","h001",NA,NA
"A",1,"2021-10-03","c343","h001",NA,NA
"A",2,"2021-10-03","c343","h001",NA,NA
"A",3,"2021-10-03","c343","h001",NA,NA
"A",4,"2021-10-03","c343","h001",NA,NA
"A",5,"2021-10-03","c343","h001",NA,NA
"A",5,"2021-10-03","c418","h001",NA,NA
"A",6,"2021-10-03","c418","h001",NA,NA
"A",7,"2021-10-03","c418","h001",NA,NA
"A",7,"2021-10-03","c496","h001",NA,NA
"A",8,"2021-10-03","c496","h001",NA,NA
"A",9,"2021-10-03","c496","h001",NA,NA
"A",10,"2021-10-03","c496","h001",NA,NA
"A",10,"2021-10-03","c296","h001",NA,NA
"A",11,"2021-10-03","c296","h001",NA,NA
"A",12,"2021-10-03","c296","h001",NA,NA
"A",13,"2021-10-03","c296","h001",NA,NA
"A",14,"2021-10-03","c296","h001",NA,NA
"A",15,"2021-10-03","c296","h001",NA,NA
"A",15,"2021-10-03","c051","h001",NA,NA
"A",16,"2021-10-03","c051","h001",NA,NA
"A",17,"2021-10-03","c051","h001",NA,NA
"A",18,"2021-10-03","c051","h001",NA,NA
"A",18,"2021-10-03","c486","h001",NA,NA
"A",19,"2021-10-03","c486","h001",NA,NA
"A",20,"2021-10-03","c486","h001",NA,NA
"A",20,"2021-10-03","c213","h001",NA,NA
"A",21,"2021-10-03","c213","h001",NA,NA
"A",22,"2021-10-03","c213","h001",NA,NA
"A",23,"2021-10-03","c213","h001",NA,NA
"A",24,"2021-10-03","c213","h001",NA,NA
"A",24,"2021-10-03","c366","h001",NA,NA
"A",25,"2021-10-03","c366","h001",NA,NA
"A",26,"2021-10-03","c366","h001",NA,NA
"A",26,"2021-10-03","c359","h001",NA,NA
"A",27,"2021-10-03","c359","h001",NA,NA
"A",28,"2021-10-03","c359","h001",NA,NA
"A",29,"2021-10-03","c359","h001",NA,NA
"A",30,"2021-10-03","c359","h001",NA,NA
"A",30,"2021-10-03","c267","h001",NA,NA
"A",31,"2021-10-03","c267","h001",NA,NA
"A",32,"2021-10-03","c267","h001",NA,NA
"A",32,"2021-10-03","c041","h001",NA,NA
"A",33,"2021-10-03","c041","h001",NA,NA
"A",34,"2021-10-03","c041","h001",NA,NA
"A",35,"2021-10-03","c041","h001",NA,NA
"A",36,"2021-10-03","c041","h001",NA,NA
"A",36,"2021-10-03","c213","h001",NA,NA
"A",37,"2021-10-03","c213","h001",NA,NA
"A",38,"2021-10-03","c213","h001",NA,NA
"A",39,"2021-10-03","c213","h001",NA,NA
"A",40,"2021-10-03","c213","h001",NA,NA
"A",40,"2021-10-03","c174","h001",NA,NA
"A",41,"2021-10-03","c174","h001",NA,NA
"A",42,"2021-10-03","c174","h001",NA,NA
"A",43,"2021-10-03","c174","h001",NA,NA
"A",0,"2021-10-03","c165","h001",NA,NA
"A",1,"2021-10-03","c165","h001",NA,NA
"A",2,"2021-10-03","c165","h001",NA,NA
"A",3,"2021-10-03","c165","h001",NA,NA
"A",3,"2021-10-03","c131","h001",NA,NA
"A",4,"2021-10-03","c131","h001",NA,NA
"A",5,"2021-10-03","c131","h001",NA,NA
"A",5,"2021-10-03","c294","h001",NA,NA
"A",6,"2021-10-03","c294","h001",NA,NA
"A",7,"2021-10-03","c294","h001",NA,NA
"A",8,"2021-10-03","c294","h001",NA,NA
"A",9,"2021-10-03","c294","h001",NA,NA
"A",9,"2021-10-03","c236","h001",NA,NA
"A",10,"2021-10-03","c236","h001",NA,NA
"A",11,"2021-10-03","c236","h001",NA,NA
"A",12,"2021-10-03","c236","h001",NA,NA
"A",13,"2021-10-03","c236","h001",NA,NA
"A",14,"2021-10-03","c236","h001",NA,NA
"A",14,"2021-10-03","c455","h001",NA,NA
"A",15,"2021-10-03","c455","h001",NA,NA
"A",16,"2021-10-03","c455","h001",NA,NA
"A",17,"2021-10-03","c455","h001",NA,NA
"A",18,"2021-10-03","c455","h001",NA,NA
"A",18,"2021-10-03","c088","h001",NA,NA
"A",19,"2021-10-03","c088","h001",NA,NA
"A",20,"2021-10-03","c088","h001",NA,NA
"A",21,"2021-10-03","c088","h001",NA,NA
"A",21,"2021-10-03","c332","h001",NA,NA
"A",22,"2021-10-03","c332","h001",NA,NA
"A",23,"2021-10-03","c332","h001",NA,NA
"A",24,"2021-10-03","c332","h001",NA,NA
"A",24,"2021-10-03","c339","h001",NA,NA
"A",25,"2021-10-03","c339","h001",NA,NA
"A",26,"2021-10-03","c339","h001",NA,NA
"A",27,"2021-10-03","c339","h001",NA,NA
"A",28,"2021-10-03","c339","h001",NA,NA
"A",29,"2021-10-03","c339","h001",NA,NA
"A",29,"2021-10-03","c044","h001",NA,NA
"A",30,"2021-10-03","c044","h001",NA,NA
"A",31,"2021-10-03","c044","h001",NA,NA
"A",31,"2021-10-03","c278","h001",NA,NA
"A",32,"2021-10-03","c278","h001",NA,NA
"A",33,"2021-10-03","c278","h001",NA,NA
"A",34,"2021-10-03","c278","h001",NA,NA
"A",35,"2021-10-03","c278","h001",NA,NA
"A",35,"2021-10-03","c053","h001",NA,NA
"A",36,"2021-10-03","c053","h001",NA,NA
"A",37,"2021-10-03","c053","h001",NA,NA
"A",38,"2021-10-03","c053","h001",NA,NA
"A",39,"2021-10-03","c053","h001",NA,NA
"A",40,"2021-10-03","c053","h001",NA,NA
"A",40,"2021-10-03","c246","h001",NA,NA
"A",41,"2021-10-03","c246","h001",NA,NA
"A",42,"2021-10-03","c246","h001",NA,NA
"A",42,"2021-10-03","c443","h001",NA,NA
"A",43,"2021-10-03","c443","h001",NA,NA
"A",44,"2021-10-03","c443","h001",NA,NA
"A",45,"2021-10-03","c443","h001",NA,NA
"A",46,"2021-10-03","c443","h001",NA,NA
"A",0,"2021-10-03","c017","h001",NA,NA
"A",1,"2021-10-03","c017","h001",NA,NA
"A",2,"2021-10-03","c017","h001",NA,NA
"A",2,"2021-10-03","c329","h001",NA,NA
"A",3,"2021-10-03","c329","h001",NA,NA
"A",4,"2021-10-03","c329","h001",NA,NA
"A",5,"2021-10-03","c329","h001",NA,NA
"A",5,"2021-10-03","c099","h001",NA,NA
"A",6,"2021-10-03","c099","h001",NA,NA
"A",7,"2021-10-03","c099","h001",NA,NA
"A",8,"2021-10-03","c099","h001",NA,NA
"A",9,"2021-10-03","c099","h001",NA,NA
"A",9,"2021-10-03","c320","h001",NA,NA
"A",10,"2021-10-03","c320","h001",NA,NA
"A",11,"2021-10-03","c320","h001",NA,NA
"A",12,"2021-10-03","c320","h001",NA,NA
"A",12,"2021-10-03","c241","h001",NA,NA
"A",13,"2021-10-03","c241","h001",NA,NA
"A",14,"2021-10-03","c241","h001",NA,NA
"A",15,"2021-10-03","c241","h001",NA,NA
"A",16,"2021-10-03","c241","h001",NA,NA
"A",17,"2021-10-03","c241","h001",NA,NA
"A",17,"2021-10-03","c463","h001",NA,NA
"A",18,"2021-10-03","c463","h001",NA,NA
"A",19,"2021-10-03","c463","h001",NA,NA
"A",20,"2021-10-03","c463","h001",NA,NA
"A",20,"2021-10-03","c021","h001",NA,NA
"A",21,"2021-10-03","c021","h001",NA,NA
"A",22,"2021-10-03","c021","h001",NA,NA
"A",23,"2021-10-03","c021","h001",NA,NA
"A",24,"2021-10-03","c021","h001",NA,NA
"A",24,"2021-10-03","c467","h001",NA,NA
"A",25,"2021-10-03","c467","h001",NA,NA
"A",26,"2021-10-03","c467","h001",NA,NA
"A",27,"2021-10-03","c467","h001",NA,NA
"A",28,"2021-10-03","c467","h001",NA,NA
"A",28,"2021-10-03","c257","h001",NA,NA
"A",29,"2021-10-03","c257","h001",NA,NA
"A",30,"2021-10-03","c257","h001",NA,NA
"A",31,"2021-10-03","c257","h001",NA,NA
"A",31,"2021-10-03","c259","h001",NA,NA
"A",32,"2021-10-03","c259","h001",NA,NA
"A",33,"2021-10-03","c259","h001",NA,NA
"A",34,"2021-10-03","c259","h001",NA,NA
"A",34,"2021-10-03","c393","h001",NA,NA
"A",35,"2021-10-03","c393","h001",NA,NA
"A",36,"2021-10-03","c393","h001",NA,NA
"A",36,"2021-10-03","c070","h001",NA,NA
"A",37,"2021-10-03","c070","h001",NA,NA
"A",38,"2021-10-03","c070","h001",NA,NA
"A",39,"2021-10-03","c070","h001",NA,NA
"A",40,"2021-10-03","c070","h001",NA,NA
"A",40,"2021-10-03","c131","h001",NA,NA
"A",41,"2021-10-03","c131","h001",NA,NA
"A",42,"2021-10-03","c131","h001",NA,NA
"A",43,"2021-10-03","c131","h001",NA,NA
"A",44,"2021-10-03","c131","h001",NA,NA
"A",45,"2021-10-03","c131","h001",NA,NA
"A",0,"2021-10-03","c377","h001",NA,NA
"A",1,"2021-10-03","c377","h001",NA,NA
"A",2,"2021-10-03","c377","h001",NA,NA
"A",3,"2021-10-03","c377","h001",NA,NA
"A",3,"2021-10-03","c135","h001",NA,NA
"A",4,"2021-10-03","c135","h001",NA,NA
"A",5,"2021-10-03","c135","h001",NA,NA
"A",5,"2021-10-03","c488","h001",NA,NA
"A",6,"2021-10-03","c488","h001",NA,NA
"A",7,"2021-10-03","c488","h001",NA,NA
"A",8,"2021-10-03","c488","h001",NA,NA
"A",8,"2021-10-03","c428","h001",NA,NA
"A",9,"2021-10-03","c428","h001",NA,NA
"A",10,"2021-10-03","c428","h001",NA,NA
"A",11,"2021-10-03","c428","h001",NA,NA
"A",12,"2021-10-03","c428","h001",NA,NA
"A",13,"2021-10-03","c428","h001",NA,NA
"A",13,"2021-10-03","c173","h001",NA,NA
"A",14,"2021-10-03","c173","h001",NA,NA
"A",15,"2021-10-03","c173","h001",NA,NA
"A",16,"2021-10-03","c173","h001",NA,NA
"A",16,"2021-10-03","c127","h001",NA,NA
"A",17,"2021-10-03","c127","h001",NA,NA
"A",18,"2021-10-03","c127","h001",NA,NA
"A",19,"2021-10-03","c127","h001",NA,NA
"A",19,"2021-10-03","c438","h001",NA,NA
"A",20,"2021-10-03","c438","h001",NA,NA
"A",21,"2021-10-03","c438","h001",NA,NA
"A",21,"2021-10-03","c372","h001",NA,NA
"A",22,"2021-10-03","c372","h001",NA,NA
"A",23,"2021-10-03","c372","h001",NA,NA
"A",24,"2021-10-03","c372","h001",NA,NA
"A",25,"2021-10-03","c372","h001",NA,NA
"A",26,"2021-10-03","c372","h001",NA,NA
"A",26,"2021-10-03","c027","h001",NA,NA
"A",27,"2021-10-03","c027","h001",NA,NA
"A",28,"2021-10-03","c027","h001",NA,NA
"A",0,"2021-10-04","c329","h001",NA,NA
"A",1,"2021-10-04","c329","h001",NA,NA
"A",2,"2021-10-04","c329","h001",NA,NA
"A",2,"2021-10-04","c355","h001",NA,NA
"A",3,"2021-10-04","c355","h001",NA,NA
"A",4,"2021-10-04","c355","h001",NA,NA
"A",5,"2021-10-04","c355","h001",NA,NA
"A",6,"2021-10-04","c355","h001",NA,NA
"A",6,"2021-10-04","c037","h001",NA,NA
"A",7,"2021-10-04","c037","h001",NA,NA
"A",8,"2021-10-04","c037","h001",NA,NA
"A",8,"2021-10-04","c465","h001",NA,NA
"A",9,"2021-10-04","c465","h001",NA,NA
"A",10,"2021-10-04","c465","h001",NA,NA
"A",11,"2021-10-04","c465","h001",NA,NA
"A",11,"2021-10-04","c318","h001",NA,NA
"A",12,"2021-10-04","c318","h001",NA,NA
"A",13,"2021-10-04","c318","h001",NA,NA
"A",14,"2021-10-04","c318","h001",NA,NA
"A",15,"2021-10-04","c318","h001",NA,NA
"A",15,"2021-10-04","c357","h001",NA,NA
"A",16,"2021-10-04","c357","h001",NA,NA
"A",17,"2021-10-04","c357","h001",NA,NA
"A",18,"2021-10-04","c357","h001",NA,NA
"A",18,"2021-10-04","c216","h001",NA,NA
"A",19,"2021-10-04","c216","h001",NA,NA
"A",20,"2021-10-04","c216","h001",NA,NA
"A",21,"2021-10-04","c216","h001",NA,NA
"A",22,"2021-10-04","c216","h001",NA,NA
"A",23,"2021-10-04","c216","h001",NA,NA
"A",23,"2021-10-04","c071","h001",NA,NA
"A",24,"2021-10-04","c071","h001",NA,NA
"A",25,"2021-10-04","c071","h001",NA,NA
"A",26,"2021-10-04","c071","h001",NA,NA
"A",26,"2021-10-04","c100","h001",NA,NA
"A",27,"2021-10-04","c100","h001",NA,NA
"A",28,"2021-10-04","c100","h001",NA,NA
"A",28,"2021-10-04","c024","h001",NA,NA
"A",29,"2021-10-04","c024","h001",NA,NA
"A",30,"2021-10-04","c024","h001",NA,NA
"A",30,"2021-10-04","c386","h001",NA,NA
"A",31,"2021-10-04","c386","h001",NA,NA
"A",32,"2021-10-04","c386","h001",NA,NA
"A",33,"2021-10-04","c386","h001",NA,NA
"A",34,"2021-10-04","c386","h001",NA,NA
"A",34,"2021-10-04","c270","h001",NA,NA
"A",35,"2021-10-04","c270","h001",NA,NA
"A",36,"2021-10-04","c270","h001",NA,NA
"A",37,"2021-10-04","c270","h001",NA,NA
"A",38,"2021-10-04","c270","h001",NA,NA
"A",38,"2021-10-04","c102","h001",NA,NA
"A",39,"2021-10-04","c102","h001",NA,NA
"A",40,"2021-10-04","c102","h001",NA,NA
"A",41,"2021-10-04","c102","h001",NA,NA
"A",42,"2021-10-04","c102","h001",NA,NA
"A",42,"2021-10-04","c032","h001",NA,NA
"A",43,"2021-10-04","c032","h001",NA,NA
"A",44,"2021-10-04","c032","h001",NA,NA
"A",45,"2021-10-04","c032","h001",NA,NA
"A",0,"2021-10-04","c019","h001",NA,NA
"A",1,"2021-10-04","c019","h001",NA,NA
"A",2,"2021-10-04","c019","h001",NA,NA
"A",3,"2021-10-04","c019","h001",NA,NA
"A",4,"2021-10-04","c019","h001",NA,NA
"A",5,"2021-10-04","c019","h001",NA,NA
"A",5,"2021-10-04","c260","h001",NA,NA
"A",6,"2021-10-04","c260","h001",NA,NA
"A",7,"2021-10-04","c260","h001",NA,NA
"A",8,"2021-10-04","c260","h001",NA,NA
"A",8,"2021-10-04","c198","h001",NA,NA
"A",9,"2021-10-04","c198","h001",NA,NA
"A",10,"2021-10-04","c198","h001",NA,NA
"A",10,"2021-10-04","c247","h001",NA,NA
"A",11,"2021-10-04","c247","h001",NA,NA
"A",12,"2021-10-04","c247","h001",NA,NA
"A",12,"2021-10-04","c004","h001",NA,NA
"A",13,"2021-10-04","c004","h001",NA,NA
"A",14,"2021-10-04","c004","h001",NA,NA
"A",15,"2021-10-04","c004","h001",NA,NA
"A",16,"2021-10-04","c004","h001",NA,NA
"A",16,"2021-10-04","c466","h001",NA,NA
"A",17,"2021-10-04","c466","h001",NA,NA
"A",18,"2021-10-04","c466","h001",NA,NA
"A",19,"2021-10-04","c466","h001",NA,NA
"A",19,"2021-10-04","c342","h001",NA,NA
"A",20,"2021-10-04","c342","h001",NA,NA
"A",21,"2021-10-04","c342","h001",NA,NA
"A",22,"2021-10-04","c342","h001",NA,NA
"A",23,"2021-10-04","c342","h001",NA,NA
"A",23,"2021-10-04","c204","h001",NA,NA
"A",24,"2021-10-04","c204","h001",NA,NA
"A",25,"2021-10-04","c204","h001",NA,NA
"A",25,"2021-10-04","c365","h001",NA,NA
"A",26,"2021-10-04","c365","h001",NA,NA
"A",27,"2021-10-04","c365","h001",NA,NA
"A",28,"2021-10-04","c365","h001",NA,NA
"A",29,"2021-10-04","c365","h001",NA,NA
"A",29,"2021-10-04","c479","h001",NA,NA
"A",30,"2021-10-04","c479","h001",NA,NA
"A",31,"2021-10-04","c479","h001",NA,NA
"A",32,"2021-10-04","c479","h001",NA,NA
"A",33,"2021-10-04","c479","h001",NA,NA
"A",34,"2021-10-04","c479","h001",NA,NA
"A",34,"2021-10-04","c043","h001",NA,NA
"A",35,"2021-10-04","c043","h001",NA,NA
"A",36,"2021-10-04","c043","h001",NA,NA
"A",37,"2021-10-04","c043","h001",NA,NA
"A",37,"2021-10-04","c054","h001",NA,NA
"A",38,"2021-10-04","c054","h001",NA,NA
"A",39,"2021-10-04","c054","h001",NA,NA
"A",40,"2021-10-04","c054","h001",NA,NA
"A",40,"2021-10-04","c251","h001",NA,NA
"A",41,"2021-10-04","c251","h001",NA,NA
"A",42,"2021-10-04","c251","h001",NA,NA
"A",42,"2021-10-04","c040","h001",NA,NA
"A",43,"2021-10-04","c040","h001",NA,NA
"A",44,"2021-10-04","c040","h001",NA,NA
"A",45,"2021-10-04","c040","h001",NA,NA
"A",46,"2021-10-04","c040","h001",NA,NA
"A",47,"2021-10-04","c040","h001",NA,NA
"A",0,"2021-10-04","c109","h001",NA,NA
"A",1,"2021-10-04","c109","h001",NA,NA
"A",2,"2021-10-04","c109","h001",NA,NA
"A",2,"2021-10-04","c281","h001",NA,NA
"A",3,"2021-10-04","c281","h001",NA,NA
"A",4,"2021-10-04","c281","h001",NA,NA
"A",5,"2021-10-04","c281","h001",NA,NA
"A",6,"2021-10-04","c281","h001",NA,NA
"A",6,"2021-10-04","c255","h001",NA,NA
"A",7,"2021-10-04","c255","h001",NA,NA
"A",8,"2021-10-04","c255","h001",NA,NA
"A",9,"2021-10-04","c255","h001",NA,NA
"A",10,"2021-10-04","c255","h001",NA,NA
"A",11,"2021-10-04","c255","h001",NA,NA
"A",11,"2021-10-04","c340","h001",NA,NA
"A",12,"2021-10-04","c340","h001",NA,NA
"A",13,"2021-10-04","c340","h001",NA,NA
"A",14,"2021-10-04","c340","h001",NA,NA
"A",15,"2021-10-04","c340","h001",NA,NA
"A",16,"2021-10-04","c340","h001",NA,NA
"A",16,"2021-10-04","c036","h001",NA,NA
"A",17,"2021-10-04","c036","h001",NA,NA
"A",18,"2021-10-04","c036","h001",NA,NA
"A",18,"2021-10-04","c435","h001",NA,NA
"A",19,"2021-10-04","c435","h001",NA,NA
"A",20,"2021-10-04","c435","h001",NA,NA
"A",21,"2021-10-04","c435","h001",NA,NA
"A",22,"2021-10-04","c435","h001",NA,NA
"A",23,"2021-10-04","c435","h001",NA,NA
"A",23,"2021-10-04","c154","h001",NA,NA
"A",24,"2021-10-04","c154","h001",NA,NA
"A",25,"2021-10-04","c154","h001",NA,NA
"A",25,"2021-10-04","c437","h001",NA,NA
"A",26,"2021-10-04","c437","h001",NA,NA
"A",27,"2021-10-04","c437","h001",NA,NA
"A",28,"2021-10-04","c437","h001",NA,NA
"A",29,"2021-10-04","c437","h001",NA,NA
"A",30,"2021-10-04","c437","h001",NA,NA
"A",30,"2021-10-04","c081","h001",NA,NA
"A",31,"2021-10-04","c081","h001",NA,NA
"A",32,"2021-10-04","c081","h001",NA,NA
"A",33,"2021-10-04","c081","h001",NA,NA
"A",34,"2021-10-04","c081","h001",NA,NA
"A",34,"2021-10-04","c459","h001",NA,NA
"A",35,"2021-10-04","c459","h001",NA,NA
"A",36,"2021-10-04","c459","h001",NA,NA
"A",37,"2021-10-04","c459","h001",NA,NA
"A",38,"2021-10-04","c459","h001",NA,NA
"A",39,"2021-10-04","c459","h001",NA,NA
"A",39,"2021-10-04","c047","h001",NA,NA
"A",40,"2021-10-04","c047","h001",NA,NA
"A",41,"2021-10-04","c047","h001",NA,NA
"A",42,"2021-10-04","c047","h001",NA,NA
"A",43,"2021-10-04","c047","h001",NA,NA
"A",44,"2021-10-04","c047","h001",NA,NA
"A",0,"2021-10-04","c316","h001",NA,NA
"A",1,"2021-10-04","c316","h001",NA,NA
"A",2,"2021-10-04","c316","h001",NA,NA
"A",2,"2021-10-04","c343","h001",NA,NA
"A",3,"2021-10-04","c343","h001",NA,NA
"A",4,"2021-10-04","c343","h001",NA,NA
"A",5,"2021-10-04","c343","h001",NA,NA
"A",6,"2021-10-04","c343","h001",NA,NA
"A",6,"2021-10-04","c130","h001",NA,NA
"A",7,"2021-10-04","c130","h001",NA,NA
"A",8,"2021-10-04","c130","h001",NA,NA
"A",9,"2021-10-04","c130","h001",NA,NA
"A",10,"2021-10-04","c130","h001",NA,NA
"A",11,"2021-10-04","c130","h001",NA,NA
"A",11,"2021-10-04","c173","h001",NA,NA
"A",12,"2021-10-04","c173","h001",NA,NA
"A",13,"2021-10-04","c173","h001",NA,NA
"A",14,"2021-10-04","c173","h001",NA,NA
"A",14,"2021-10-04","c217","h001",NA,NA
"A",15,"2021-10-04","c217","h001",NA,NA
"A",16,"2021-10-04","c217","h001",NA,NA
"A",17,"2021-10-04","c217","h001",NA,NA
"A",17,"2021-10-04","c321","h001",NA,NA
"A",18,"2021-10-04","c321","h001",NA,NA
"A",19,"2021-10-04","c321","h001",NA,NA
"A",20,"2021-10-04","c321","h001",NA,NA
"A",21,"2021-10-04","c321","h001",NA,NA
"A",21,"2021-10-04","c221","h001",NA,NA
"A",22,"2021-10-04","c221","h001",NA,NA
"A",23,"2021-10-04","c221","h001",NA,NA
"A",24,"2021-10-04","c221","h001",NA,NA
"A",25,"2021-10-04","c221","h001",NA,NA
"A",25,"2021-10-04","c377","h001",NA,NA
"A",26,"2021-10-04","c377","h001",NA,NA
"A",27,"2021-10-04","c377","h001",NA,NA
"A",27,"2021-10-04","c451","h001",NA,NA
"A",28,"2021-10-04","c451","h001",NA,NA
"A",29,"2021-10-04","c451","h001",NA,NA
"A",30,"2021-10-04","c451","h001",NA,NA
"A",31,"2021-10-04","c451","h001",NA,NA
"A",32,"2021-10-04","c451","h001",NA,NA
"A",32,"2021-10-04","c238","h001",NA,NA
"A",33,"2021-10-04","c238","h001",NA,NA
"A",34,"2021-10-04","c238","h001",NA,NA
"A",35,"2021-10-04","c238","h001",NA,NA
"A",36,"2021-10-04","c238","h001",NA,NA
"A",37,"2021-10-04","c238","h001",NA,NA
"A",37,"2021-10-04","c184","h001",NA,NA
"A",38,"2021-10-04","c184","h001",NA,NA
"A",39,"2021-10-04","c184","h001",NA,NA
"A",40,"2021-10-04","c184","h001",NA,NA
"A",41,"2021-10-04","c184","h001",NA,NA
"A",42,"2021-10-04","c184","h001",NA,NA
"A",42,"2021-10-04","c017","h001",NA,NA
"A",43,"2021-10-04","c017","h001",NA,NA
"A",44,"2021-10-04","c017","h001",NA,NA
"A",45,"2021-10-04","c017","h001",NA,NA
"A",46,"2021-10-04","c017","h001",NA,NA
"A",0,"2021-10-05","c423","h001",NA,NA
"A",1,"2021-10-05","c423","h001",NA,NA
"A",2,"2021-10-05","c423","h001",NA,NA
"A",3,"2021-10-05","c423","h001",NA,NA
"A",3,"2021-10-05","c190","h001",NA,NA
"A",4,"2021-10-05","c190","h001",NA,NA
"A",5,"2021-10-05","c190","h001",NA,NA
"A",5,"2021-10-05","c440","h001",NA,NA
"A",6,"2021-10-05","c440","h001",NA,NA
"A",7,"2021-10-05","c440","h001",NA,NA
"A",8,"2021-10-05","c440","h001",NA,NA
"A",8,"2021-10-05","c332","h001",NA,NA
"A",9,"2021-10-05","c332","h001",NA,NA
"A",10,"2021-10-05","c332","h001",NA,NA
"A",11,"2021-10-05","c332","h001",NA,NA
"A",12,"2021-10-05","c332","h001",NA,NA
"A",12,"2021-10-05","c166","h001",NA,NA
"A",13,"2021-10-05","c166","h001",NA,NA
"A",14,"2021-10-05","c166","h001",NA,NA
"A",15,"2021-10-05","c166","h001",NA,NA
"A",16,"2021-10-05","c166","h001",NA,NA
"A",16,"2021-10-05","c434","h001",NA,NA
"A",17,"2021-10-05","c434","h001",NA,NA
"A",18,"2021-10-05","c434","h001",NA,NA
"A",18,"2021-10-05","c061","h001",NA,NA
"A",19,"2021-10-05","c061","h001",NA,NA
"A",20,"2021-10-05","c061","h001",NA,NA
"A",21,"2021-10-05","c061","h001",NA,NA
"A",22,"2021-10-05","c061","h001",NA,NA
"A",23,"2021-10-05","c061","h001",NA,NA
"A",23,"2021-10-05","c126","h001",NA,NA
"A",24,"2021-10-05","c126","h001",NA,NA
"A",25,"2021-10-05","c126","h001",NA,NA
"A",26,"2021-10-05","c126","h001",NA,NA
"A",27,"2021-10-05","c126","h001",NA,NA
"A",28,"2021-10-05","c126","h001",NA,NA
"A",28,"2021-10-05","c039","h001",NA,NA
"A",29,"2021-10-05","c039","h001",NA,NA
"A",30,"2021-10-05","c039","h001",NA,NA
"A",31,"2021-10-05","c039","h001",NA,NA
"A",32,"2021-10-05","c039","h001",NA,NA
"A",32,"2021-10-05","c450","h001",NA,NA
"A",33,"2021-10-05","c450","h001",NA,NA
"A",34,"2021-10-05","c450","h001",NA,NA
"A",35,"2021-10-05","c450","h001",NA,NA
"A",36,"2021-10-05","c450","h001",NA,NA
"A",37,"2021-10-05","c450","h001",NA,NA
"A",37,"2021-10-05","c160","h001",NA,NA
"A",38,"2021-10-05","c160","h001",NA,NA
"A",39,"2021-10-05","c160","h001",NA,NA
"A",40,"2021-10-05","c160","h001",NA,NA
"A",41,"2021-10-05","c160","h001",NA,NA
"A",42,"2021-10-05","c160","h001",NA,NA
"A",42,"2021-10-05","c212","h001",NA,NA
"A",43,"2021-10-05","c212","h001",NA,NA
"A",44,"2021-10-05","c212","h001",NA,NA
"A",44,"2021-10-05","c045","h001",NA,NA
"A",45,"2021-10-05","c045","h001",NA,NA
"A",46,"2021-10-05","c045","h001",NA,NA
"A",0,"2021-10-05","c461","h001",NA,NA
"A",1,"2021-10-05","c461","h001",NA,NA
"A",2,"2021-10-05","c461","h001",NA,NA
"A",3,"2021-10-05","c461","h001",NA,NA
"A",3,"2021-10-05","c197","h001",NA,NA
"A",4,"2021-10-05","c197","h001",NA,NA
"A",5,"2021-10-05","c197","h001",NA,NA
"A",5,"2021-10-05","c069","h001",NA,NA
"A",6,"2021-10-05","c069","h001",NA,NA
"A",7,"2021-10-05","c069","h001",NA,NA
"A",8,"2021-10-05","c069","h001",NA,NA
"A",9,"2021-10-05","c069","h001",NA,NA
"A",10,"2021-10-05","c069","h001",NA,NA
"A",10,"2021-10-05","c215","h001",NA,NA
"A",11,"2021-10-05","c215","h001",NA,NA
"A",12,"2021-10-05","c215","h001",NA,NA
"A",13,"2021-10-05","c215","h001",NA,NA
"A",13,"2021-10-05","c415","h001",NA,NA
"A",14,"2021-10-05","c415","h001",NA,NA
"A",15,"2021-10-05","c415","h001",NA,NA
"A",15,"2021-10-05","c006","h001",NA,NA
"A",16,"2021-10-05","c006","h001",NA,NA
"A",17,"2021-10-05","c006","h001",NA,NA
"A",18,"2021-10-05","c006","h001",NA,NA
"A",19,"2021-10-05","c006","h001",NA,NA
"A",20,"2021-10-05","c006","h001",NA,NA
"A",20,"2021-10-05","c041","h001",NA,NA
"A",21,"2021-10-05","c041","h001",NA,NA
"A",22,"2021-10-05","c041","h001",NA,NA
"A",23,"2021-10-05","c041","h001",NA,NA
"A",23,"2021-10-05","c169","h001",NA,NA
"A",24,"2021-10-05","c169","h001",NA,NA
"A",25,"2021-10-05","c169","h001",NA,NA
"A",26,"2021-10-05","c169","h001",NA,NA
"A",27,"2021-10-05","c169","h001",NA,NA
"A",28,"2021-10-05","c169","h001",NA,NA
"A",28,"2021-10-05","c340","h001",NA,NA
"A",29,"2021-10-05","c340","h001",NA,NA
"A",30,"2021-10-05","c340","h001",NA,NA
"A",31,"2021-10-05","c340","h001",NA,NA
"A",31,"2021-10-05","c143","h001",NA,NA
"A",32,"2021-10-05","c143","h001",NA,NA
"A",33,"2021-10-05","c143","h001",NA,NA
"A",34,"2021-10-05","c143","h001",NA,NA
"A",34,"2021-10-05","c031","h001",NA,NA
"A",35,"2021-10-05","c031","h001",NA,NA
"A",36,"2021-10-05","c031","h001",NA,NA
"A",37,"2021-10-05","c031","h001",NA,NA
"A",38,"2021-10-05","c031","h001",NA,NA
"A",39,"2021-10-05","c031","h001",NA,NA
"A",39,"2021-10-05","c378","h001",NA,NA
"A",40,"2021-10-05","c378","h001",NA,NA
"A",41,"2021-10-05","c378","h001",NA,NA
"A",42,"2021-10-05","c378","h001",NA,NA
"A",43,"2021-10-05","c378","h001",NA,NA
"A",44,"2021-10-05","c378","h001",NA,NA
"A",44,"2021-10-05","c178","h001",NA,NA
"A",45,"2021-10-05","c178","h001",NA,NA
"A",46,"2021-10-05","c178","h001",NA,NA
"A",0,"2021-10-05","c434","h001",NA,NA
"A",1,"2021-10-05","c434","h001",NA,NA
"A",2,"2021-10-05","c434","h001",NA,NA
"A",2,"2021-10-05","c082","h001",NA,NA
"A",3,"2021-10-05","c082","h001",NA,NA
"A",4,"2021-10-05","c082","h001",NA,NA
"A",5,"2021-10-05","c082","h001",NA,NA
"A",6,"2021-10-05","c082","h001",NA,NA
"A",7,"2021-10-05","c082","h001",NA,NA
"A",7,"2021-10-05","c191","h001",NA,NA
"A",8,"2021-10-05","c191","h001",NA,NA
"A",9,"2021-10-05","c191","h001",NA,NA
"A",10,"2021-10-05","c191","h001",NA,NA
"A",10,"2021-10-05","c145","h001",NA,NA
"A",11,"2021-10-05","c145","h001",NA,NA
"A",12,"2021-10-05","c145","h001",NA,NA
"A",13,"2021-10-05","c145","h001",NA,NA
"A",13,"2021-10-05","c385","h001",NA,NA
"A",14,"2021-10-05","c385","h001",NA,NA
"A",15,"2021-10-05","c385","h001",NA,NA
"A",15,"2021-10-05","c223","h001",NA,NA
"A",16,"2021-10-05","c223","h001",NA,NA
"A",17,"2021-10-05","c223","h001",NA,NA
"A",17,"2021-10-05","c100","h001",NA,NA
"A",18,"2021-10-05","c100","h001",NA,NA
"A",19,"2021-10-05","c100","h001",NA,NA
"A",20,"2021-10-05","c100","h001",NA,NA
"A",21,"2021-10-05","c100","h001",NA,NA
"A",22,"2021-10-05","c100","h001",NA,NA
"A",22,"2021-10-05","c367","h001",NA,NA
"A",23,"2021-10-05","c367","h001",NA,NA
"A",24,"2021-10-05","c367","h001",NA,NA
"A",25,"2021-10-05","c367","h001",NA,NA
"A",26,"2021-10-05","c367","h001",NA,NA
"A",26,"2021-10-05","c375","h001",NA,NA
"A",27,"2021-10-05","c375","h001",NA,NA
"A",28,"2021-10-05","c375","h001",NA,NA
"A",29,"2021-10-05","c375","h001",NA,NA
"A",30,"2021-10-05","c375","h001",NA,NA
"A",31,"2021-10-05","c375","h001",NA,NA
"A",31,"2021-10-05","c181","h001",NA,NA
"A",32,"2021-10-05","c181","h001",NA,NA
"A",33,"2021-10-05","c181","h001",NA,NA
"A",34,"2021-10-05","c181","h001",NA,NA
"A",35,"2021-10-05","c181","h001",NA,NA
"A",36,"2021-10-05","c181","h001",NA,NA
"A",36,"2021-10-05","c183","h001",NA,NA
"A",37,"2021-10-05","c183","h001",NA,NA
"A",38,"2021-10-05","c183","h001",NA,NA
"A",38,"2021-10-05","c121","h001",NA,NA
"A",39,"2021-10-05","c121","h001",NA,NA
"A",40,"2021-10-05","c121","h001",NA,NA
"A",41,"2021-10-05","c121","h001",NA,NA
"A",41,"2021-10-05","c407","h001",NA,NA
"A",42,"2021-10-05","c407","h001",NA,NA
"A",43,"2021-10-05","c407","h001",NA,NA
"A",44,"2021-10-05","c407","h001",NA,NA
"A",45,"2021-10-05","c407","h001",NA,NA
"A",0,"2021-10-05","c150","h001",NA,NA
"A",1,"2021-10-05","c150","h001",NA,NA
"A",2,"2021-10-05","c150","h001",NA,NA
"A",3,"2021-10-05","c150","h001",NA,NA
"A",3,"2021-10-05","c145","h001",NA,NA
"A",4,"2021-10-05","c145","h001",NA,NA
"A",5,"2021-10-05","c145","h001",NA,NA
"A",5,"2021-10-05","c179","h001",NA,NA
"A",6,"2021-10-05","c179","h001",NA,NA
"A",7,"2021-10-05","c179","h001",NA,NA
"A",8,"2021-10-05","c179","h001",NA,NA
"A",9,"2021-10-05","c179","h001",NA,NA
"A",10,"2021-10-05","c179","h001",NA,NA
"A",10,"2021-10-05","c212","h001",NA,NA
"A",11,"2021-10-05","c212","h001",NA,NA
"A",12,"2021-10-05","c212","h001",NA,NA
"A",13,"2021-10-05","c212","h001",NA,NA
"A",14,"2021-10-05","c212","h001",NA,NA
"A",15,"2021-10-05","c212","h001",NA,NA
"A",15,"2021-10-05","c061","h001",NA,NA
"A",16,"2021-10-05","c061","h001",NA,NA
"A",17,"2021-10-05","c061","h001",NA,NA
"A",18,"2021-10-05","c061","h001",NA,NA
"A",18,"2021-10-05","c478","h001",NA,NA
"A",19,"2021-10-05","c478","h001",NA,NA
"A",20,"2021-10-05","c478","h001",NA,NA
"A",21,"2021-10-05","c478","h001",NA,NA
"A",22,"2021-10-05","c478","h001",NA,NA
"A",22,"2021-10-05","c064","h001",NA,NA
"A",23,"2021-10-05","c064","h001",NA,NA
"A",24,"2021-10-05","c064","h001",NA,NA
"A",25,"2021-10-05","c064","h001",NA,NA
"A",26,"2021-10-05","c064","h001",NA,NA
"A",26,"2021-10-05","c011","h001",NA,NA
"A",27,"2021-10-05","c011","h001",NA,NA
"A",28,"2021-10-05","c011","h001",NA,NA
"A",29,"2021-10-05","c011","h001",NA,NA
"A",30,"2021-10-05","c011","h001",NA,NA
"A",0,"2021-10-06","c265","h001",NA,NA
"A",1,"2021-10-06","c265","h001",NA,NA
"A",2,"2021-10-06","c265","h001",NA,NA
"A",2,"2021-10-06","c099","h001",NA,NA
"A",3,"2021-10-06","c099","h001",NA,NA
"A",4,"2021-10-06","c099","h001",NA,NA
"A",5,"2021-10-06","c099","h001",NA,NA
"A",6,"2021-10-06","c099","h001",NA,NA
"A",7,"2021-10-06","c099","h001",NA,NA
"A",7,"2021-10-06","c355","h001",NA,NA
"A",8,"2021-10-06","c355","h001",NA,NA
"A",9,"2021-10-06","c355","h001",NA,NA
"A",10,"2021-10-06","c355","h001",NA,NA
"A",11,"2021-10-06","c355","h001",NA,NA
"A",11,"2021-10-06","c383","h001",NA,NA
"A",12,"2021-10-06","c383","h001",NA,NA
"A",13,"2021-10-06","c383","h001",NA,NA
"A",14,"2021-10-06","c383","h001",NA,NA
"A",15,"2021-10-06","c383","h001",NA,NA
"A",16,"2021-10-06","c383","h001",NA,NA
"A",16,"2021-10-06","c278","h001",NA,NA
"A",17,"2021-10-06","c278","h001",NA,NA
"A",18,"2021-10-06","c278","h001",NA,NA
"A",19,"2021-10-06","c278","h001",NA,NA
"A",20,"2021-10-06","c278","h001",NA,NA
"A",21,"2021-10-06","c278","h001",NA,NA
"A",21,"2021-10-06","c148","h001",NA,NA
"A",22,"2021-10-06","c148","h001",NA,NA
"A",23,"2021-10-06","c148","h001",NA,NA
"A",23,"2021-10-06","c047","h001",NA,NA
"A",24,"2021-10-06","c047","h001",NA,NA
"A",25,"2021-10-06","c047","h001",NA,NA
"A",26,"2021-10-06","c047","h001",NA,NA
"A",27,"2021-10-06","c047","h001",NA,NA
"A",28,"2021-10-06","c047","h001",NA,NA
"A",28,"2021-10-06","c373","h001",NA,NA
"A",29,"2021-10-06","c373","h001",NA,NA
"A",30,"2021-10-06","c373","h001",NA,NA
"A",31,"2021-10-06","c373","h001",NA,NA
"A",32,"2021-10-06","c373","h001",NA,NA
"A",32,"2021-10-06","c267","h001",NA,NA
"A",33,"2021-10-06","c267","h001",NA,NA
"A",34,"2021-10-06","c267","h001",NA,NA
"A",35,"2021-10-06","c267","h001",NA,NA
"A",36,"2021-10-06","c267","h001",NA,NA
"A",36,"2021-10-06","c391","h001",NA,NA
"A",37,"2021-10-06","c391","h001",NA,NA
"A",38,"2021-10-06","c391","h001",NA,NA
"A",39,"2021-10-06","c391","h001",NA,NA
"A",39,"2021-10-06","c494","h001",NA,NA
"A",40,"2021-10-06","c494","h001",NA,NA
"A",41,"2021-10-06","c494","h001",NA,NA
"A",42,"2021-10-06","c494","h001",NA,NA
"A",43,"2021-10-06","c494","h001",NA,NA
"A",44,"2021-10-06","c494","h001",NA,NA
"A",44,"2021-10-06","c465","h001",NA,NA
"A",45,"2021-10-06","c465","h001",NA,NA
"A",46,"2021-10-06","c465","h001",NA,NA
"A",47,"2021-10-06","c465","h001",NA,NA
"A",0,"2021-10-06","c473","h001",NA,NA
"A",1,"2021-10-06","c473","h001",NA,NA
"A",2,"2021-10-06","c473","h001",NA,NA
"A",3,"2021-10-06","c473","h001",NA,NA
"A",4,"2021-10-06","c473","h001",NA,NA
"A",4,"2021-10-06","c159","h001",NA,NA
"A",5,"2021-10-06","c159","h001",NA,NA
"A",6,"2021-10-06","c159","h001",NA,NA
"A",7,"2021-10-06","c159","h001",NA,NA
"A",8,"2021-10-06","c159","h001",NA,NA
"A",9,"2021-10-06","c159","h001",NA,NA
"A",9,"2021-10-06","c459","h001",NA,NA
"A",10,"2021-10-06","c459","h001",NA,NA
"A",11,"2021-10-06","c459","h001",NA,NA
"A",11,"2021-10-06","c479","h001",NA,NA
"A",12,"2021-10-06","c479","h001",NA,NA
"A",13,"2021-10-06","c479","h001",NA,NA
"A",14,"2021-10-06","c479","h001",NA,NA
"A",14,"2021-10-06","c206","h001",NA,NA
"A",15,"2021-10-06","c206","h001",NA,NA
"A",16,"2021-10-06","c206","h001",NA,NA
"A",17,"2021-10-06","c206","h001",NA,NA
"A",18,"2021-10-06","c206","h001",NA,NA
"A",18,"2021-10-06","c255","h001",NA,NA
"A",19,"2021-10-06","c255","h001",NA,NA
"A",20,"2021-10-06","c255","h001",NA,NA
"A",21,"2021-10-06","c255","h001",NA,NA
"A",22,"2021-10-06","c255","h001",NA,NA
"A",23,"2021-10-06","c255","h001",NA,NA
"A",23,"2021-10-06","c022","h001",NA,NA
"A",24,"2021-10-06","c022","h001",NA,NA
"A",25,"2021-10-06","c022","h001",NA,NA
"A",26,"2021-10-06","c022","h001",NA,NA
"A",27,"2021-10-06","c022","h001",NA,NA
"A",27,"2021-10-06","c383","h001",NA,NA
"A",28,"2021-10-06","c383","h001",NA,NA
"A",29,"2021-10-06","c383","h001",NA,NA
"A",30,"2021-10-06","c383","h001",NA,NA
"A",30,"2021-10-06","c340","h001",NA,NA
"A",31,"2021-10-06","c340","h001",NA,NA
"A",32,"2021-10-06","c340","h001",NA,NA
"A",33,"2021-10-06","c340","h001",NA,NA
"A",33,"2021-10-06","c061","h001",NA,NA
"A",34,"2021-10-06","c061","h001",NA,NA
"A",35,"2021-10-06","c061","h001",NA,NA
"A",36,"2021-10-06","c061","h001",NA,NA
"A",36,"2021-10-06","c336","h001",NA,NA
"A",37,"2021-10-06","c336","h001",NA,NA
"A",38,"2021-10-06","c336","h001",NA,NA
"A",38,"2021-10-06","c119","h001",NA,NA
"A",39,"2021-10-06","c119","h001",NA,NA
"A",40,"2021-10-06","c119","h001",NA,NA
"A",40,"2021-10-06","c039","h001",NA,NA
"A",41,"2021-10-06","c039","h001",NA,NA
"A",42,"2021-10-06","c039","h001",NA,NA
"A",42,"2021-10-06","c186","h001",NA,NA
"A",43,"2021-10-06","c186","h001",NA,NA
"A",44,"2021-10-06","c186","h001",NA,NA
"A",45,"2021-10-06","c186","h001",NA,NA
"A",46,"2021-10-06","c186","h001",NA,NA
"A",0,"2021-10-06","c094","h001",NA,NA
"A",1,"2021-10-06","c094","h001",NA,NA
"A",2,"2021-10-06","c094","h001",NA,NA
"A",3,"2021-10-06","c094","h001",NA,NA
"A",3,"2021-10-06","c245","h001",NA,NA
"A",4,"2021-10-06","c245","h001",NA,NA
"A",5,"2021-10-06","c245","h001",NA,NA
"A",5,"2021-10-06","c129","h001",NA,NA
"A",6,"2021-10-06","c129","h001",NA,NA
"A",7,"2021-10-06","c129","h001",NA,NA
"A",7,"2021-10-06","c013","h001",NA,NA
"A",8,"2021-10-06","c013","h001",NA,NA
"A",9,"2021-10-06","c013","h001",NA,NA
"A",10,"2021-10-06","c013","h001",NA,NA
"A",10,"2021-10-06","c158","h001",NA,NA
"A",11,"2021-10-06","c158","h001",NA,NA
"A",12,"2021-10-06","c158","h001",NA,NA
"A",13,"2021-10-06","c158","h001",NA,NA
"A",14,"2021-10-06","c158","h001",NA,NA
"A",15,"2021-10-06","c158","h001",NA,NA
"A",15,"2021-10-06","c043","h001",NA,NA
"A",16,"2021-10-06","c043","h001",NA,NA
"A",17,"2021-10-06","c043","h001",NA,NA
"A",18,"2021-10-06","c043","h001",NA,NA
"A",19,"2021-10-06","c043","h001",NA,NA
"A",20,"2021-10-06","c043","h001",NA,NA
"A",20,"2021-10-06","c250","h001",NA,NA
"A",21,"2021-10-06","c250","h001",NA,NA
"A",22,"2021-10-06","c250","h001",NA,NA
"A",23,"2021-10-06","c250","h001",NA,NA
"A",23,"2021-10-06","c470","h001",NA,NA
"A",24,"2021-10-06","c470","h001",NA,NA
"A",25,"2021-10-06","c470","h001",NA,NA
"A",26,"2021-10-06","c470","h001",NA,NA
"A",27,"2021-10-06","c470","h001",NA,NA
"A",28,"2021-10-06","c470","h001",NA,NA
"A",28,"2021-10-06","c411","h001",NA,NA
"A",29,"2021-10-06","c411","h001",NA,NA
"A",30,"2021-10-06","c411","h001",NA,NA
"A",31,"2021-10-06","c411","h001",NA,NA
"A",32,"2021-10-06","c411","h001",NA,NA
"A",33,"2021-10-06","c411","h001",NA,NA
"A",33,"2021-10-06","c158","h001",NA,NA
"A",34,"2021-10-06","c158","h001",NA,NA
"A",35,"2021-10-06","c158","h001",NA,NA
"A",36,"2021-10-06","c158","h001",NA,NA
"A",36,"2021-10-06","c475","h001",NA,NA
"A",37,"2021-10-06","c475","h001",NA,NA
"A",38,"2021-10-06","c475","h001",NA,NA
"A",39,"2021-10-06","c475","h001",NA,NA
"A",40,"2021-10-06","c475","h001",NA,NA
"A",41,"2021-10-06","c475","h001",NA,NA
"A",41,"2021-10-06","c233","h001",NA,NA
"A",42,"2021-10-06","c233","h001",NA,NA
"A",43,"2021-10-06","c233","h001",NA,NA
"A",44,"2021-10-06","c233","h001",NA,NA
"A",0,"2021-10-06","c287","h001",NA,NA
"A",1,"2021-10-06","c287","h001",NA,NA
"A",2,"2021-10-06","c287","h001",NA,NA
"A",3,"2021-10-06","c287","h001",NA,NA
"A",3,"2021-10-06","c259","h001",NA,NA
"A",4,"2021-10-06","c259","h001",NA,NA
"A",5,"2021-10-06","c259","h001",NA,NA
"A",6,"2021-10-06","c259","h001",NA,NA
"A",7,"2021-10-06","c259","h001",NA,NA
"A",7,"2021-10-06","c400","h001",NA,NA
"A",8,"2021-10-06","c400","h001",NA,NA
"A",9,"2021-10-06","c400","h001",NA,NA
"A",9,"2021-10-06","c257","h001",NA,NA
"A",10,"2021-10-06","c257","h001",NA,NA
"A",11,"2021-10-06","c257","h001",NA,NA
"A",12,"2021-10-06","c257","h001",NA,NA
"A",13,"2021-10-06","c257","h001",NA,NA
"A",13,"2021-10-06","c104","h001",NA,NA
"A",14,"2021-10-06","c104","h001",NA,NA
"A",15,"2021-10-06","c104","h001",NA,NA
"A",16,"2021-10-06","c104","h001",NA,NA
"A",17,"2021-10-06","c104","h001",NA,NA
"A",18,"2021-10-06","c104","h001",NA,NA
"A",18,"2021-10-06","c311","h001",NA,NA
"A",19,"2021-10-06","c311","h001",NA,NA
"A",20,"2021-10-06","c311","h001",NA,NA
"A",21,"2021-10-06","c311","h001",NA,NA
"A",22,"2021-10-06","c311","h001",NA,NA
"A",22,"2021-10-06","c283","h001",NA,NA
"A",23,"2021-10-06","c283","h001",NA,NA
"A",24,"2021-10-06","c283","h001",NA,NA
"A",25,"2021-10-06","c283","h001",NA,NA
"A",26,"2021-10-06","c283","h001",NA,NA
"A",27,"2021-10-06","c283","h001",NA,NA
"A",27,"2021-10-06","c470","h001",NA,NA
"A",28,"2021-10-06","c470","h001",NA,NA
"A",29,"2021-10-06","c470","h001",NA,NA
"A",29,"2021-10-06","c277","h001",NA,NA
"A",30,"2021-10-06","c277","h001",NA,NA
"A",31,"2021-10-06","c277","h001",NA,NA
"A",31,"2021-10-06","c221","h001",NA,NA
"A",32,"2021-10-06","c221","h001",NA,NA
"A",33,"2021-10-06","c221","h001",NA,NA
"A",34,"2021-10-06","c221","h001",NA,NA
"A",35,"2021-10-06","c221","h001",NA,NA
"A",36,"2021-10-06","c221","h001",NA,NA
"A",36,"2021-10-06","c408","h001",NA,NA
"A",37,"2021-10-06","c408","h001",NA,NA
"A",38,"2021-10-06","c408","h001",NA,NA
"A",39,"2021-10-06","c408","h001",NA,NA
"A",40,"2021-10-06","c408","h001",NA,NA
"A",40,"2021-10-06","c023","h001",NA,NA
"A",41,"2021-10-06","c023","h001",NA,NA
"A",42,"2021-10-06","c023","h001",NA,NA
"A",42,"2021-10-06","c143","h001",NA,NA
"A",43,"2021-10-06","c143","h001",NA,NA
"A",44,"2021-10-06","c143","h001",NA,NA
"A",45,"2021-10-06","c143","h001",NA,NA
"A",46,"2021-10-06","c143","h001",NA,NA
"A",0,"2021-10-07","c401","h001",NA,NA
"A",1,"2021-10-07","c401","h001",NA,NA
"A",2,"2021-10-07","c401","h001",NA,NA
"A",3,"2021-10-07","c401","h001",NA,NA
"A",4,"2021-10-07","c401","h001",NA,NA
"A",5,"2021-10-07","c401","h001",NA,NA
"A",5,"2021-10-07","c293","h001",NA,NA
"A",6,"2021-10-07","c293","h001",NA,NA
"A",7,"2021-10-07","c293","h001",NA,NA
"A",7,"2021-10-07","c330","h001",NA,NA
"A",8,"2021-10-07","c330","h001",NA,NA
"A",9,"2021-10-07","c330","h001",NA,NA
"A",9,"2021-10-07","c182","h001",NA,NA
"A",10,"2021-10-07","c182","h001",NA,NA
"A",11,"2021-10-07","c182","h001",NA,NA
"A",12,"2021-10-07","c182","h001",NA,NA
"A",12,"2021-10-07","c224","h001",NA,NA
"A",13,"2021-10-07","c224","h001",NA,NA
"A",14,"2021-10-07","c224","h001",NA,NA
"A",14,"2021-10-07","c109","h001",NA,NA
"A",15,"2021-10-07","c109","h001",NA,NA
"A",16,"2021-10-07","c109","h001",NA,NA
"A",16,"2021-10-07","c207","h001",NA,NA
"A",17,"2021-10-07","c207","h001",NA,NA
"A",18,"2021-10-07","c207","h001",NA,NA
"A",19,"2021-10-07","c207","h001",NA,NA
"A",20,"2021-10-07","c207","h001",NA,NA
"A",21,"2021-10-07","c207","h001",NA,NA
"A",21,"2021-10-07","c340","h001",NA,NA
"A",22,"2021-10-07","c340","h001",NA,NA
"A",23,"2021-10-07","c340","h001",NA,NA
"A",24,"2021-10-07","c340","h001",NA,NA
"A",25,"2021-10-07","c340","h001",NA,NA
"A",26,"2021-10-07","c340","h001",NA,NA
"A",26,"2021-10-07","c328","h001",NA,NA
"A",27,"2021-10-07","c328","h001",NA,NA
"A",28,"2021-10-07","c328","h001",NA,NA
"A",28,"2021-10-07","c362","h001",NA,NA
"A",29,"2021-10-07","c362","h001",NA,NA
"A",30,"2021-10-07","c362","h001",NA,NA
"A",31,"2021-10-07","c362","h001",NA,NA
"A",32,"2021-10-07","c362","h001",NA,NA
"A",33,"2021-10-07","c362","h001",NA,NA
"A",33,"2021-10-07","c288","h001",NA,NA
"A",34,"2021-10-07","c288","h001",NA,NA
"A",35,"2021-10-07","c288","h001",NA,NA
"A",36,"2021-10-07","c288","h001",NA,NA
"A",37,"2021-10-07","c288","h001",NA,NA
"A",38,"2021-10-07","c288","h001",NA,NA
"A",38,"2021-10-07","c075","h001",NA,NA
"A",39,"2021-10-07","c075","h001",NA,NA
"A",40,"2021-10-07","c075","h001",NA,NA
"A",41,"2021-10-07","c075","h001",NA,NA
"A",42,"2021-10-07","c075","h001",NA,NA
"A",42,"2021-10-07","c088","h001",NA,NA
"A",43,"2021-10-07","c088","h001",NA,NA
"A",44,"2021-10-07","c088","h001",NA,NA
"A",44,"2021-10-07","c200","h001",NA,NA
"A",45,"2021-10-07","c200","h001",NA,NA
"A",46,"2021-10-07","c200","h001",NA,NA
"A",47,"2021-10-07","c200","h001",NA,NA
"A",0,"2021-10-07","c489","h001",NA,NA
"A",1,"2021-10-07","c489","h001",NA,NA
"A",2,"2021-10-07","c489","h001",NA,NA
"A",3,"2021-10-07","c489","h001",NA,NA
"A",4,"2021-10-07","c489","h001",NA,NA
"A",5,"2021-10-07","c489","h001",NA,NA
"A",5,"2021-10-07","c020","h001",NA,NA
"A",6,"2021-10-07","c020","h001",NA,NA
"A",7,"2021-10-07","c020","h001",NA,NA
"A",7,"2021-10-07","c308","h001",NA,NA
"A",8,"2021-10-07","c308","h001",NA,NA
"A",9,"2021-10-07","c308","h001",NA,NA
"A",9,"2021-10-07","c499","h001",NA,NA
"A",10,"2021-10-07","c499","h001",NA,NA
"A",11,"2021-10-07","c499","h001",NA,NA
"A",11,"2021-10-07","c422","h001",NA,NA
"A",12,"2021-10-07","c422","h001",NA,NA
"A",13,"2021-10-07","c422","h001",NA,NA
"A",14,"2021-10-07","c422","h001",NA,NA
"A",14,"2021-10-07","c419","h001",NA,NA
"A",15,"2021-10-07","c419","h001",NA,NA
"A",16,"2021-10-07","c419","h001",NA,NA
"A",16,"2021-10-07","c212","h001",NA,NA
"A",17,"2021-10-07","c212","h001",NA,NA
"A",18,"2021-10-07","c212","h001",NA,NA
"A",18,"2021-10-07","c271","h001",NA,NA
"A",19,"2021-10-07","c271","h001",NA,NA
"A",20,"2021-10-07","c271","h001",NA,NA
"A",20,"2021-10-07","c001","h001",NA,NA
"A",21,"2021-10-07","c001","h001",NA,NA
"A",22,"2021-10-07","c001","h001",NA,NA
"A",23,"2021-10-07","c001","h001",NA,NA
"A",24,"2021-10-07","c001","h001",NA,NA
"A",24,"2021-10-07","c129","h001",NA,NA
"A",25,"2021-10-07","c129","h001",NA,NA
"A",26,"2021-10-07","c129","h001",NA,NA
"A",27,"2021-10-07","c129","h001",NA,NA
"A",27,"2021-10-07","c430","h001",NA,NA
"A",28,"2021-10-07","c430","h001",NA,NA
"A",29,"2021-10-07","c430","h001",NA,NA
"A",29,"2021-10-07","c243","h001",NA,NA
"A",30,"2021-10-07","c243","h001",NA,NA
"A",31,"2021-10-07","c243","h001",NA,NA
"A",32,"2021-10-07","c243","h001",NA,NA
"A",32,"2021-10-07","c069","h001",NA,NA
"A",33,"2021-10-07","c069","h001",NA,NA
"A",34,"2021-10-07","c069","h001",NA,NA
"A",35,"2021-10-07","c069","h001",NA,NA
"A",36,"2021-10-07","c069","h001",NA,NA
"A",37,"2021-10-07","c069","h001",NA,NA
"A",37,"2021-10-07","c455","h001",NA,NA
"A",38,"2021-10-07","c455","h001",NA,NA
"A",39,"2021-10-07","c455","h001",NA,NA
"A",40,"2021-10-07","c455","h001",NA,NA
"A",41,"2021-10-07","c455","h001",NA,NA
"A",41,"2021-10-07","c406","h001",NA,NA
"A",42,"2021-10-07","c406","h001",NA,NA
"A",43,"2021-10-07","c406","h001",NA,NA
"A",44,"2021-10-07","c406","h001",NA,NA
"A",45,"2021-10-07","c406","h001",NA,NA
"A",45,"2021-10-07","c271","h001",NA,NA
"A",46,"2021-10-07","c271","h001",NA,NA
"A",47,"2021-10-07","c271","h001",NA,NA
"A",0,"2021-10-07","c402","h001",NA,NA
"A",1,"2021-10-07","c402","h001",NA,NA
"A",2,"2021-10-07","c402","h001",NA,NA
"A",3,"2021-10-07","c402","h001",NA,NA
"A",4,"2021-10-07","c402","h001",NA,NA
"A",4,"2021-10-07","c358","h001",NA,NA
"A",5,"2021-10-07","c358","h001",NA,NA
"A",6,"2021-10-07","c358","h001",NA,NA
"A",7,"2021-10-07","c358","h001",NA,NA
"A",8,"2021-10-07","c358","h001",NA,NA
"A",9,"2021-10-07","c358","h001",NA,NA
"A",9,"2021-10-07","c410","h001",NA,NA
"A",10,"2021-10-07","c410","h001",NA,NA
"A",11,"2021-10-07","c410","h001",NA,NA
"A",12,"2021-10-07","c410","h001",NA,NA
"A",13,"2021-10-07","c410","h001",NA,NA
"A",13,"2021-10-07","c018","h001",NA,NA
"A",14,"2021-10-07","c018","h001",NA,NA
"A",15,"2021-10-07","c018","h001",NA,NA
"A",15,"2021-10-07","c029","h001",NA,NA
"A",16,"2021-10-07","c029","h001",NA,NA
"A",17,"2021-10-07","c029","h001",NA,NA
"A",18,"2021-10-07","c029","h001",NA,NA
"A",19,"2021-10-07","c029","h001",NA,NA
"A",19,"2021-10-07","c045","h001",NA,NA
"A",20,"2021-10-07","c045","h001",NA,NA
"A",21,"2021-10-07","c045","h001",NA,NA
"A",22,"2021-10-07","c045","h001",NA,NA
"A",23,"2021-10-07","c045","h001",NA,NA
"A",24,"2021-10-07","c045","h001",NA,NA
"A",24,"2021-10-07","c135","h001",NA,NA
"A",25,"2021-10-07","c135","h001",NA,NA
"A",26,"2021-10-07","c135","h001",NA,NA
"A",27,"2021-10-07","c135","h001",NA,NA
"A",28,"2021-10-07","c135","h001",NA,NA
"A",28,"2021-10-07","c302","h001",NA,NA
"A",29,"2021-10-07","c302","h001",NA,NA
"A",30,"2021-10-07","c302","h001",NA,NA
"A",30,"2021-10-07","c018","h001",NA,NA
"A",31,"2021-10-07","c018","h001",NA,NA
"A",32,"2021-10-07","c018","h001",NA,NA
"A",33,"2021-10-07","c018","h001",NA,NA
"A",34,"2021-10-07","c018","h001",NA,NA
"A",34,"2021-10-07","c379","h001",NA,NA
"A",35,"2021-10-07","c379","h001",NA,NA
"A",36,"2021-10-07","c379","h001",NA,NA
"A",37,"2021-10-07","c379","h001",NA,NA
"A",38,"2021-10-07","c379","h001",NA,NA
"A",39,"2021-10-07","c379","h001",NA,NA
"A",39,"2021-10-07","c264","h001",NA,NA
"A",40,"2021-10-07","c264","h001",NA,NA
"A",41,"2021-10-07","c264","h001",NA,NA
"A",41,"2021-10-07","c040","h001",NA,NA
"A",42,"2021-10-07","c040","h001",NA,NA
"A",43,"2021-10-07","c040","h001",NA,NA
"A",44,"2021-10-07","c040","h001",NA,NA
"A",44,"2021-10-07","c477","h001",NA,NA
"A",45,"2021-10-07","c477","h001",NA,NA
"A",46,"2021-10-07","c477","h001",NA,NA
"A",0,"2021-10-07","c022","h001",NA,NA
"A",1,"2021-10-07","c022","h001",NA,NA
"A",2,"2021-10-07","c022","h001",NA,NA
"A",3,"2021-10-07","c022","h001",NA,NA
"A",4,"2021-10-07","c022","h001",NA,NA
"A",5,"2021-10-07","c022","h001",NA,NA
"A",5,"2021-10-07","c478","h001",NA,NA
"A",6,"2021-10-07","c478","h001",NA,NA
"A",7,"2021-10-07","c478","h001",NA,NA
"A",8,"2021-10-07","c478","h001",NA,NA
"A",8,"2021-10-07","c016","h001",NA,NA
"A",9,"2021-10-07","c016","h001",NA,NA
"A",10,"2021-10-07","c016","h001",NA,NA
"A",11,"2021-10-07","c016","h001",NA,NA
"A",12,"2021-10-07","c016","h001",NA,NA
"A",0,"2021-10-08","c300","h001",NA,NA
"A",1,"2021-10-08","c300","h001",NA,NA
"A",2,"2021-10-08","c300","h001",NA,NA
"A",2,"2021-10-08","c443","h001",NA,NA
"A",3,"2021-10-08","c443","h001",NA,NA
"A",4,"2021-10-08","c443","h001",NA,NA
"A",5,"2021-10-08","c443","h001",NA,NA
"A",6,"2021-10-08","c443","h001",NA,NA
"A",6,"2021-10-08","c280","h001",NA,NA
"A",7,"2021-10-08","c280","h001",NA,NA
"A",8,"2021-10-08","c280","h001",NA,NA
"A",9,"2021-10-08","c280","h001",NA,NA
"A",9,"2021-10-08","c100","h001",NA,NA
"A",10,"2021-10-08","c100","h001",NA,NA
"A",11,"2021-10-08","c100","h001",NA,NA
"A",12,"2021-10-08","c100","h001",NA,NA
"A",13,"2021-10-08","c100","h001",NA,NA
"A",13,"2021-10-08","c435","h001",NA,NA
"A",14,"2021-10-08","c435","h001",NA,NA
"A",15,"2021-10-08","c435","h001",NA,NA
"A",15,"2021-10-08","c324","h001",NA,NA
"A",16,"2021-10-08","c324","h001",NA,NA
"A",17,"2021-10-08","c324","h001",NA,NA
"A",18,"2021-10-08","c324","h001",NA,NA
"A",18,"2021-10-08","c007","h001",NA,NA
"A",19,"2021-10-08","c007","h001",NA,NA
"A",20,"2021-10-08","c007","h001",NA,NA
"A",21,"2021-10-08","c007","h001",NA,NA
"A",22,"2021-10-08","c007","h001",NA,NA
"A",22,"2021-10-08","c365","h001",NA,NA
"A",23,"2021-10-08","c365","h001",NA,NA
"A",24,"2021-10-08","c365","h001",NA,NA
"A",25,"2021-10-08","c365","h001",NA,NA
"A",26,"2021-10-08","c365","h001",NA,NA
"A",27,"2021-10-08","c365","h001",NA,NA
"A",27,"2021-10-08","c202","h001",NA,NA
"A",28,"2021-10-08","c202","h001",NA,NA
"A",29,"2021-10-08","c202","h001",NA,NA
"A",30,"2021-10-08","c202","h001",NA,NA
"A",31,"2021-10-08","c202","h001",NA,NA
"A",32,"2021-10-08","c202","h001",NA,NA
"A",32,"2021-10-08","c358","h001",NA,NA
"A",33,"2021-10-08","c358","h001",NA,NA
"A",34,"2021-10-08","c358","h001",NA,NA
"A",35,"2021-10-08","c358","h001",NA,NA
"A",36,"2021-10-08","c358","h001",NA,NA
"A",37,"2021-10-08","c358","h001",NA,NA
"A",37,"2021-10-08","c272","h001",NA,NA
"A",38,"2021-10-08","c272","h001",NA,NA
"A",39,"2021-10-08","c272","h001",NA,NA
"A",40,"2021-10-08","c272","h001",NA,NA
"A",41,"2021-10-08","c272","h001",NA,NA
"A",41,"2021-10-08","c490","h001",NA,NA
"A",42,"2021-10-08","c490","h001",NA,NA
"A",43,"2021-10-08","c490","h001",NA,NA
"A",44,"2021-10-08","c490","h001",NA,NA
"A",44,"2021-10-08","c272","h001",NA,NA
"A",45,"2021-10-08","c272","h001",NA,NA
"A",46,"2021-10-08","c272","h001",NA,NA
"A",0,"2021-10-08","c335","h001",NA,NA
"A",1,"2021-10-08","c335","h001",NA,NA
"A",2,"2021-10-08","c335","h001",NA,NA
"A",3,"2021-10-08","c335","h001",NA,NA
"A",4,"2021-10-08","c335","h001",NA,NA
"A",4,"2021-10-08","c346","h001",NA,NA
"A",5,"2021-10-08","c346","h001",NA,NA
"A",6,"2021-10-08","c346","h001",NA,NA
"A",6,"2021-10-08","c312","h001",NA,NA
"A",7,"2021-10-08","c312","h001",NA,NA
"A",8,"2021-10-08","c312","h001",NA,NA
"A",9,"2021-10-08","c312","h001",NA,NA
"A",10,"2021-10-08","c312","h001",NA,NA
"A",11,"2021-10-08","c312","h001",NA,NA
"A",11,"2021-10-08","c413","h001",NA,NA
"A",12,"2021-10-08","c413","h001",NA,NA
"A",13,"2021-10-08","c413","h001",NA,NA
"A",14,"2021-10-08","c413","h001",NA,NA
"A",15,"2021-10-08","c413","h001",NA,NA
"A",15,"2021-10-08","c258","h001",NA,NA
"A",16,"2021-10-08","c258","h001",NA,NA
"A",17,"2021-10-08","c258","h001",NA,NA
"A",18,"2021-10-08","c258","h001",NA,NA
"A",19,"2021-10-08","c258","h001",NA,NA
"A",20,"2021-10-08","c258","h001",NA,NA
"A",20,"2021-10-08","c470","h001",NA,NA
"A",21,"2021-10-08","c470","h001",NA,NA
"A",22,"2021-10-08","c470","h001",NA,NA
"A",23,"2021-10-08","c470","h001",NA,NA
"A",24,"2021-10-08","c470","h001",NA,NA
"A",24,"2021-10-08","c121","h001",NA,NA
"A",25,"2021-10-08","c121","h001",NA,NA
"A",26,"2021-10-08","c121","h001",NA,NA
"A",27,"2021-10-08","c121","h001",NA,NA
"A",28,"2021-10-08","c121","h001",NA,NA
"A",28,"2021-10-08","c010","h001",NA,NA
"A",29,"2021-10-08","c010","h001",NA,NA
"A",30,"2021-10-08","c010","h001",NA,NA
"A",31,"2021-10-08","c010","h001",NA,NA
"A",32,"2021-10-08","c010","h001",NA,NA
"A",33,"2021-10-08","c010","h001",NA,NA
"A",33,"2021-10-08","c175","h001",NA,NA
"A",34,"2021-10-08","c175","h001",NA,NA
"A",35,"2021-10-08","c175","h001",NA,NA
"A",36,"2021-10-08","c175","h001",NA,NA
"A",36,"2021-10-08","c379","h001",NA,NA
"A",37,"2021-10-08","c379","h001",NA,NA
"A",38,"2021-10-08","c379","h001",NA,NA
"A",39,"2021-10-08","c379","h001",NA,NA
"A",40,"2021-10-08","c379","h001",NA,NA
"A",41,"2021-10-08","c379","h001",NA,NA
"A",41,"2021-10-08","c146","h001",NA,NA
"A",42,"2021-10-08","c146","h001",NA,NA
"A",43,"2021-10-08","c146","h001",NA,NA
"A",44,"2021-10-08","c146","h001",NA,NA
"A",45,"2021-10-08","c146","h001",NA,NA
"A",46,"2021-10-08","c146","h001",NA,NA
"A",0,"2021-10-08","c048","h001",NA,NA
"A",1,"2021-10-08","c048","h001",NA,NA
"A",2,"2021-10-08","c048","h001",NA,NA
"A",2,"2021-10-08","c491","h001",NA,NA
"A",3,"2021-10-08","c491","h001",NA,NA
"A",4,"2021-10-08","c491","h001",NA,NA
"A",4,"2021-10-08","c072","h001",NA,NA
"A",5,"2021-10-08","c072","h001",NA,NA
"A",6,"2021-10-08","c072","h001",NA,NA
"A",6,"2021-10-08","c471","h001",NA,NA
"A",7,"2021-10-08","c471","h001",NA,NA
"A",8,"2021-10-08","c471","h001",NA,NA
"A",9,"2021-10-08","c471","h001",NA,NA
"A",9,"2021-10-08","c163","h001",NA,NA
"A",10,"2021-10-08","c163","h001",NA,NA
"A",11,"2021-10-08","c163","h001",NA,NA
"A",11,"2021-10-08","c044","h001",NA,NA
"A",12,"2021-10-08","c044","h001",NA,NA
"A",13,"2021-10-08","c044","h001",NA,NA
"A",13,"2021-10-08","c218","h001",NA,NA
"A",14,"2021-10-08","c218","h001",NA,NA
"A",15,"2021-10-08","c218","h001",NA,NA
"A",16,"2021-10-08","c218","h001",NA,NA
"A",17,"2021-10-08","c218","h001",NA,NA
"A",17,"2021-10-08","c320","h001",NA,NA
"A",18,"2021-10-08","c320","h001",NA,NA
"A",19,"2021-10-08","c320","h001",NA,NA
"A",20,"2021-10-08","c320","h001",NA,NA
"A",21,"2021-10-08","c320","h001",NA,NA
"A",21,"2021-10-08","c232","h001",NA,NA
"A",22,"2021-10-08","c232","h001",NA,NA
"A",23,"2021-10-08","c232","h001",NA,NA
"A",24,"2021-10-08","c232","h001",NA,NA
"A",24,"2021-10-08","c221","h001",NA,NA
"A",25,"2021-10-08","c221","h001",NA,NA
"A",26,"2021-10-08","c221","h001",NA,NA
"A",27,"2021-10-08","c221","h001",NA,NA
"A",28,"2021-10-08","c221","h001",NA,NA
"A",29,"2021-10-08","c221","h001",NA,NA
"A",29,"2021-10-08","c250","h001",NA,NA
"A",30,"2021-10-08","c250","h001",NA,NA
"A",31,"2021-10-08","c250","h001",NA,NA
"A",31,"2021-10-08","c149","h001",NA,NA
"A",32,"2021-10-08","c149","h001",NA,NA
"A",33,"2021-10-08","c149","h001",NA,NA
"A",34,"2021-10-08","c149","h001",NA,NA
"A",35,"2021-10-08","c149","h001",NA,NA
"A",36,"2021-10-08","c149","h001",NA,NA
"A",36,"2021-10-08","c322","h001",NA,NA
"A",37,"2021-10-08","c322","h001",NA,NA
"A",38,"2021-10-08","c322","h001",NA,NA
"A",39,"2021-10-08","c322","h001",NA,NA
"A",39,"2021-10-08","c206","h001",NA,NA
"A",40,"2021-10-08","c206","h001",NA,NA
"A",41,"2021-10-08","c206","h001",NA,NA
"A",42,"2021-10-08","c206","h001",NA,NA
"A",42,"2021-10-08","c010","h001",NA,NA
"A",43,"2021-10-08","c010","h001",NA,NA
"A",44,"2021-10-08","c010","h001",NA,NA
"A",45,"2021-10-08","c010","h001",NA,NA
"A",45,"2021-10-08","c229","h001",NA,NA
"A",46,"2021-10-08","c229","h001",NA,NA
"A",47,"2021-10-08","c229","h001",NA,NA
"A",0,"2021-10-08","c128","h001",NA,NA
"A",1,"2021-10-08","c128","h001",NA,NA
"A",2,"2021-10-08","c128","h001",NA,NA
"A",3,"2021-10-08","c128","h001",NA,NA
"A",3,"2021-10-08","c164","h001",NA,NA
"A",4,"2021-10-08","c164","h001",NA,NA
"A",5,"2021-10-08","c164","h001",NA,NA
"A",6,"2021-10-08","c164","h001",NA,NA
"A",7,"2021-10-08","c164","h001",NA,NA
"A",7,"2021-10-08","c407","h001",NA,NA
"A",8,"2021-10-08","c407","h001",NA,NA
"A",9,"2021-10-08","c407","h001",NA,NA
"A",9,"2021-10-08","c088","h001",NA,NA
"A",10,"2021-10-08","c088","h001",NA,NA
"A",11,"2021-10-08","c088","h001",NA,NA
"A",12,"2021-10-08","c088","h001",NA,NA
"A",12,"2021-10-08","c393","h001",NA,NA
"A",13,"2021-10-08","c393","h001",NA,NA
"A",14,"2021-10-08","c393","h001",NA,NA
"A",15,"2021-10-08","c393","h001",NA,NA
"A",16,"2021-10-08","c393","h001",NA,NA
"A",17,"2021-10-08","c393","h001",NA,NA
"A",17,"2021-10-08","c164","h001",NA,NA
"A",18,"2021-10-08","c164","h001",NA,NA
"A",19,"2021-10-08","c164","h001",NA,NA
"A",19,"2021-10-08","c332","h001",NA,NA
"A",20,"2021-10-08","c332","h001",NA,NA
"A",21,"2021-10-08","c332","h001",NA,NA
"A",22,"2021-10-08","c332","h001",NA,NA
"A",22,"2021-10-08","c354","h001",NA,NA
"A",23,"2021-10-08","c354","h001",NA,NA
"A",24,"2021-10-08","c354","h001",NA,NA
"A",25,"2021-10-08","c354","h001",NA,NA
"A",25,"2021-10-08","c290","h001",NA,NA
"A",26,"2021-10-08","c290","h001",NA,NA
"A",27,"2021-10-08","c290","h001",NA,NA
"A",27,"2021-10-08","c094","h001",NA,NA
"A",28,"2021-10-08","c094","h001",NA,NA
"A",29,"2021-10-08","c094","h001",NA,NA
"A",29,"2021-10-08","c318","h001",NA,NA
"A",30,"2021-10-08","c318","h001",NA,NA
"A",31,"2021-10-08","c318","h001",NA,NA
"A",32,"2021-10-08","c318","h001",NA,NA
"A",33,"2021-10-08","c318","h001",NA,NA
"A",34,"2021-10-08","c318","h001",NA,NA
"A",34,"2021-10-08","c245","h001",NA,NA
"A",35,"2021-10-08","c245","h001",NA,NA
"A",36,"2021-10-08","c245","h001",NA,NA
"A",37,"2021-10-08","c245","h001",NA,NA
"A",38,"2021-10-08","c245","h001",NA,NA
"A",38,"2021-10-08","c380","h001",NA,NA
"A",39,"2021-10-08","c380","h001",NA,NA
"A",40,"2021-10-08","c380","h001",NA,NA
"A",41,"2021-10-08","c380","h001",NA,NA
"A",41,"2021-10-08","c151","h001",NA,NA
"A",42,"2021-10-08","c151","h001",NA,NA
"A",43,"2021-10-08","c151","h001",NA,NA
"A",43,"2021-10-08","c090","h001",NA,NA
"A",44,"2021-10-08","c090","h001",NA,NA
"A",45,"2021-10-08","c090","h001",NA,NA
"A",46,"2021-10-08","c090","h001",NA,NA
"A",47,"2021-10-08","c090","h001",NA,NA
"A",0,"2021-10-08","c224","h001",NA,NA
"A",1,"2021-10-08","c224","h001",NA,NA
"A",2,"2021-10-08","c224","h001",NA,NA
"A",3,"2021-10-08","c224","h001",NA,NA
"A",4,"2021-10-08","c224","h001",NA,NA
"A",5,"2021-10-08","c224","h001",NA,NA
"A",5,"2021-10-08","c431","h001",NA,NA
"A",6,"2021-10-08","c431","h001",NA,NA
"A",7,"2021-10-08","c431","h001",NA,NA
"A",8,"2021-10-08","c431","h001",NA,NA
"A",8,"2021-10-08","c185","h001",NA,NA
"A",9,"2021-10-08","c185","h001",NA,NA
"A",10,"2021-10-08","c185","h001",NA,NA
"A",10,"2021-10-08","c023","h001",NA,NA
"A",11,"2021-10-08","c023","h001",NA,NA
"A",12,"2021-10-08","c023","h001",NA,NA
"A",13,"2021-10-08","c023","h001",NA,NA
"A",13,"2021-10-08","c219","h001",NA,NA
"A",14,"2021-10-08","c219","h001",NA,NA
"A",15,"2021-10-08","c219","h001",NA,NA
"A",16,"2021-10-08","c219","h001",NA,NA
"A",0,"2021-10-09","c258","h001",NA,NA
"A",1,"2021-10-09","c258","h001",NA,NA
"A",2,"2021-10-09","c258","h001",NA,NA
"A",3,"2021-10-09","c258","h001",NA,NA
"A",3,"2021-10-09","c051","h001",NA,NA
"A",4,"2021-10-09","c051","h001",NA,NA
"A",5,"2021-10-09","c051","h001",NA,NA
"A",5,"2021-10-09","c239","h001",NA,NA
"A",6,"2021-10-09","c239","h001",NA,NA
"A",7,"2021-10-09","c239","h001",NA,NA
"A",8,"2021-10-09","c239","h001",NA,NA
"A",9,"2021-10-09","c239","h001",NA,NA
"A",10,"2021-10-09","c239","h001",NA,NA
"A",10,"2021-10-09","c312","h001",NA,NA
"A",11,"2021-10-09","c312","h001",NA,NA
"A",12,"2021-10-09","c312","h001",NA,NA
"A",12,"2021-10-09","c482","h001",NA,NA
"A",13,"2021-10-09","c482","h001",NA,NA
"A",14,"2021-10-09","c482","h001",NA,NA
"A",15,"2021-10-09","c482","h001",NA,NA
"A",16,"2021-10-09","c482","h001",NA,NA
"A",17,"2021-10-09","c482","h001",NA,NA
"A",17,"2021-10-09","c110","h001",NA,NA
"A",18,"2021-10-09","c110","h001",NA,NA
"A",19,"2021-10-09","c110","h001",NA,NA
"A",19,"2021-10-09","c039","h001",NA,NA
"A",20,"2021-10-09","c039","h001",NA,NA
"A",21,"2021-10-09","c039","h001",NA,NA
"A",22,"2021-10-09","c039","h001",NA,NA
"A",22,"2021-10-09","c153","h001",NA,NA
"A",23,"2021-10-09","c153","h001",NA,NA
"A",24,"2021-10-09","c153","h001",NA,NA
"A",25,"2021-10-09","c153","h001",NA,NA
"A",26,"2021-10-09","c153","h001",NA,NA
"A",27,"2021-10-09","c153","h001",NA,NA
"A",27,"2021-10-09","c424","h001",NA,NA
"A",28,"2021-10-09","c424","h001",NA,NA
"A",29,"2021-10-09","c424","h001",NA,NA
"A",30,"2021-10-09","c424","h001",NA,NA
"A",31,"2021-10-09","c424","h001",NA,NA
"A",32,"2021-10-09","c424","h001",NA,NA
"A",32,"2021-10-09","c228","h001",NA,NA
"A",33,"2021-10-09","c228","h001",NA,NA
"A",34,"2021-10-09","c228","h001",NA,NA
"A",35,"2021-10-09","c228","h001",NA,NA
"A",35,"2021-10-09","c198","h001",NA,NA
"A",36,"2021-10-09","c198","h001",NA,NA
"A",37,"2021-10-09","c198","h001",NA,NA
"A",38,"2021-10-09","c198","h001",NA,NA
"A",38,"2021-10-09","c216","h001",NA,NA
"A",39,"2021-10-09","c216","h001",NA,NA
"A",40,"2021-10-09","c216","h001",NA,NA
"A",40,"2021-10-09","c123","h001",NA,NA
"A",41,"2021-10-09","c123","h001",NA,NA
"A",42,"2021-10-09","c123","h001",NA,NA
"A",43,"2021-10-09","c123","h001",NA,NA
"A",44,"2021-10-09","c123","h001",NA,NA
"A",45,"2021-10-09","c123","h001",NA,NA
"A",45,"2021-10-09","c141","h001",NA,NA
"A",46,"2021-10-09","c141","h001",NA,NA
"A",47,"2021-10-09","c141","h001",NA,NA
"A",0,"2021-10-09","c403","h001",NA,NA
"A",1,"2021-10-09","c403","h001",NA,NA
"A",2,"2021-10-09","c403","h001",NA,NA
"A",3,"2021-10-09","c403","h001",NA,NA
"A",4,"2021-10-09","c403","h001",NA,NA
"A",4,"2021-10-09","c076","h001",NA,NA
"A",5,"2021-10-09","c076","h001",NA,NA
"A",6,"2021-10-09","c076","h001",NA,NA
"A",7,"2021-10-09","c076","h001",NA,NA
"A",7,"2021-10-09","c496","h001",NA,NA
"A",8,"2021-10-09","c496","h001",NA,NA
"A",9,"2021-10-09","c496","h001",NA,NA
"A",10,"2021-10-09","c496","h001",NA,NA
"A",11,"2021-10-09","c496","h001",NA,NA
"A",11,"2021-10-09","c256","h001",NA,NA
"A",12,"2021-10-09","c256","h001",NA,NA
"A",13,"2021-10-09","c256","h001",NA,NA
"A",14,"2021-10-09","c256","h001",NA,NA
"A",14,"2021-10-09","c070","h001",NA,NA
"A",15,"2021-10-09","c070","h001",NA,NA
"A",16,"2021-10-09","c070","h001",NA,NA
"A",17,"2021-10-09","c070","h001",NA,NA
"A",18,"2021-10-09","c070","h001",NA,NA
"A",19,"2021-10-09","c070","h001",NA,NA
"A",19,"2021-10-09","c494","h001",NA,NA
"A",20,"2021-10-09","c494","h001",NA,NA
"A",21,"2021-10-09","c494","h001",NA,NA
"A",22,"2021-10-09","c494","h001",NA,NA
"A",23,"2021-10-09","c494","h001",NA,NA
"A",23,"2021-10-09","c040","h001",NA,NA
"A",24,"2021-10-09","c040","h001",NA,NA
"A",25,"2021-10-09","c040","h001",NA,NA
"A",26,"2021-10-09","c040","h001",NA,NA
"A",26,"2021-10-09","c284","h001",NA,NA
"A",27,"2021-10-09","c284","h001",NA,NA
"A",28,"2021-10-09","c284","h001",NA,NA
"A",29,"2021-10-09","c284","h001",NA,NA
"A",29,"2021-10-09","c194","h001",NA,NA
"A",30,"2021-10-09","c194","h001",NA,NA
"A",31,"2021-10-09","c194","h001",NA,NA
"A",32,"2021-10-09","c194","h001",NA,NA
"A",32,"2021-10-09","c448","h001",NA,NA
"A",33,"2021-10-09","c448","h001",NA,NA
"A",34,"2021-10-09","c448","h001",NA,NA
"A",35,"2021-10-09","c448","h001",NA,NA
"A",36,"2021-10-09","c448","h001",NA,NA
"A",37,"2021-10-09","c448","h001",NA,NA
"A",37,"2021-10-09","c229","h001",NA,NA
"A",38,"2021-10-09","c229","h001",NA,NA
"A",39,"2021-10-09","c229","h001",NA,NA
"A",40,"2021-10-09","c229","h001",NA,NA
"A",41,"2021-10-09","c229","h001",NA,NA
"A",41,"2021-10-09","c311","h001",NA,NA
"A",42,"2021-10-09","c311","h001",NA,NA
"A",43,"2021-10-09","c311","h001",NA,NA
"A",44,"2021-10-09","c311","h001",NA,NA
"A",44,"2021-10-09","c249","h001",NA,NA
"A",45,"2021-10-09","c249","h001",NA,NA
"A",46,"2021-10-09","c249","h001",NA,NA
"A",47,"2021-10-09","c249","h001",NA,NA
"A",0,"2021-10-09","c201","h001",NA,NA
"A",1,"2021-10-09","c201","h001",NA,NA
"A",2,"2021-10-09","c201","h001",NA,NA
"A",3,"2021-10-09","c201","h001",NA,NA
"A",3,"2021-10-09","c006","h001",NA,NA
"A",4,"2021-10-09","c006","h001",NA,NA
"A",5,"2021-10-09","c006","h001",NA,NA
"A",6,"2021-10-09","c006","h001",NA,NA
"A",7,"2021-10-09","c006","h001",NA,NA
"A",7,"2021-10-09","c191","h001",NA,NA
"A",8,"2021-10-09","c191","h001",NA,NA
"A",9,"2021-10-09","c191","h001",NA,NA
"A",10,"2021-10-09","c191","h001",NA,NA
"A",10,"2021-10-09","c085","h001",NA,NA
"A",11,"2021-10-09","c085","h001",NA,NA
"A",12,"2021-10-09","c085","h001",NA,NA
"A",12,"2021-10-09","c018","h001",NA,NA
"A",13,"2021-10-09","c018","h001",NA,NA
"A",14,"2021-10-09","c018","h001",NA,NA
"A",15,"2021-10-09","c018","h001",NA,NA
"A",16,"2021-10-09","c018","h001",NA,NA
"A",16,"2021-10-09","c143","h001",NA,NA
"A",17,"2021-10-09","c143","h001",NA,NA
"A",18,"2021-10-09","c143","h001",NA,NA
"A",18,"2021-10-09","c048","h001",NA,NA
"A",19,"2021-10-09","c048","h001",NA,NA
"A",20,"2021-10-09","c048","h001",NA,NA
"A",20,"2021-10-09","c457","h001",NA,NA
"A",21,"2021-10-09","c457","h001",NA,NA
"A",22,"2021-10-09","c457","h001",NA,NA
"A",23,"2021-10-09","c457","h001",NA,NA
"A",24,"2021-10-09","c457","h001",NA,NA
"A",25,"2021-10-09","c457","h001",NA,NA
"A",25,"2021-10-09","c313","h001",NA,NA
"A",26,"2021-10-09","c313","h001",NA,NA
"A",27,"2021-10-09","c313","h001",NA,NA
"A",28,"2021-10-09","c313","h001",NA,NA
"A",28,"2021-10-09","c443","h001",NA,NA
"A",29,"2021-10-09","c443","h001",NA,NA
"A",30,"2021-10-09","c443","h001",NA,NA
"A",31,"2021-10-09","c443","h001",NA,NA
"A",32,"2021-10-09","c443","h001",NA,NA
"A",32,"2021-10-09","c231","h001",NA,NA
"A",33,"2021-10-09","c231","h001",NA,NA
"A",34,"2021-10-09","c231","h001",NA,NA
"A",35,"2021-10-09","c231","h001",NA,NA
"A",35,"2021-10-09","c313","h001",NA,NA
"A",36,"2021-10-09","c313","h001",NA,NA
"A",37,"2021-10-09","c313","h001",NA,NA
"A",37,"2021-10-09","c170","h001",NA,NA
"A",38,"2021-10-09","c170","h001",NA,NA
"A",39,"2021-10-09","c170","h001",NA,NA
"A",40,"2021-10-09","c170","h001",NA,NA
"A",40,"2021-10-09","c433","h001",NA,NA
"A",41,"2021-10-09","c433","h001",NA,NA
"A",42,"2021-10-09","c433","h001",NA,NA
"A",42,"2021-10-09","c267","h001",NA,NA
"A",43,"2021-10-09","c267","h001",NA,NA
"A",44,"2021-10-09","c267","h001",NA,NA
"A",0,"2021-10-09","c204","h001",NA,NA
"A",1,"2021-10-09","c204","h001",NA,NA
"A",2,"2021-10-09","c204","h001",NA,NA
"A",3,"2021-10-09","c204","h001",NA,NA
"A",4,"2021-10-09","c204","h001",NA,NA
"A",4,"2021-10-09","c005","h001",NA,NA
"A",5,"2021-10-09","c005","h001",NA,NA
"A",6,"2021-10-09","c005","h001",NA,NA
"A",6,"2021-10-09","c182","h001",NA,NA
"A",7,"2021-10-09","c182","h001",NA,NA
"A",8,"2021-10-09","c182","h001",NA,NA
"A",9,"2021-10-09","c182","h001",NA,NA
"A",10,"2021-10-09","c182","h001",NA,NA
"A",10,"2021-10-09","c141","h001",NA,NA
"A",11,"2021-10-09","c141","h001",NA,NA
"A",12,"2021-10-09","c141","h001",NA,NA
"A",13,"2021-10-09","c141","h001",NA,NA
"A",14,"2021-10-09","c141","h001",NA,NA
"A",15,"2021-10-09","c141","h001",NA,NA
"A",15,"2021-10-09","c355","h001",NA,NA
"A",16,"2021-10-09","c355","h001",NA,NA
"A",17,"2021-10-09","c355","h001",NA,NA
"A",18,"2021-10-09","c355","h001",NA,NA
"A",19,"2021-10-09","c355","h001",NA,NA
"A",19,"2021-10-09","c407","h001",NA,NA
"A",20,"2021-10-09","c407","h001",NA,NA
"A",21,"2021-10-09","c407","h001",NA,NA
"A",22,"2021-10-09","c407","h001",NA,NA
"A",23,"2021-10-09","c407","h001",NA,NA
"A",24,"2021-10-09","c407","h001",NA,NA
"A",24,"2021-10-09","c308","h001",NA,NA
"A",25,"2021-10-09","c308","h001",NA,NA
"A",26,"2021-10-09","c308","h001",NA,NA
"A",27,"2021-10-09","c308","h001",NA,NA
"A",27,"2021-10-09","c119","h001",NA,NA
"A",28,"2021-10-09","c119","h001",NA,NA
"A",29,"2021-10-09","c119","h001",NA,NA
"A",30,"2021-10-09","c119","h001",NA,NA
"A",31,"2021-10-09","c119","h001",NA,NA
"A",31,"2021-10-09","c309","h001",NA,NA
"A",32,"2021-10-09","c309","h001",NA,NA
"A",33,"2021-10-09","c309","h001",NA,NA
"A",33,"2021-10-09","c048","h001",NA,NA
"A",34,"2021-10-09","c048","h001",NA,NA
"A",35,"2021-10-09","c048","h001",NA,NA
"A",36,"2021-10-09","c048","h001",NA,NA
"A",37,"2021-10-09","c048","h001",NA,NA
"A",37,"2021-10-09","c476","h001",NA,NA
"A",38,"2021-10-09","c476","h001",NA,NA
"A",39,"2021-10-09","c476","h001",NA,NA
"A",40,"2021-10-09","c476","h001",NA,NA
"A",41,"2021-10-09","c476","h001",NA,NA
"A",41,"2021-10-09","c187","h001",NA,NA
"A",42,"2021-10-09","c187","h001",NA,NA
"A",43,"2021-10-09","c187","h001",NA,NA
"A",44,"2021-10-09","c187","h001",NA,NA
"A",44,"2021-10-09","c118","h001",NA,NA
"A",45,"2021-10-09","c118","h001",NA,NA
"A",46,"2021-10-09","c118","h001",NA,NA
"A",47,"2021-10-09","c118","h001",NA,NA
"A",0,"2021-10-10","c139","h001",NA,NA
"A",1,"2021-10-10","c139","h001",NA,NA
"A",2,"2021-10-10","c139","h001",NA,NA
"A",3,"2021-10-10","c139","h001",NA,NA
"A",4,"2021-10-10","c139","h001",NA,NA
"A",4,"2021-10-10","c148","h001",NA,NA
"A",5,"2021-10-10","c148","h001",NA,NA
"A",6,"2021-10-10","c148","h001",NA,NA
"A",6,"2021-10-10","c172","h001",NA,NA
"A",7,"2021-10-10","c172","h001",NA,NA
"A",8,"2021-10-10","c172","h001",NA,NA
"A",8,"2021-10-10","c242","h001",NA,NA
"A",9,"2021-10-10","c242","h001",NA,NA
"A",10,"2021-10-10","c242","h001",NA,NA
"A",11,"2021-10-10","c242","h001",NA,NA
"A",12,"2021-10-10","c242","h001",NA,NA
"A",12,"2021-10-10","c243","h001",NA,NA
"A",13,"2021-10-10","c243","h001",NA,NA
"A",14,"2021-10-10","c243","h001",NA,NA
"A",15,"2021-10-10","c243","h001",NA,NA
"A",16,"2021-10-10","c243","h001",NA,NA
"A",17,"2021-10-10","c243","h001",NA,NA
"A",17,"2021-10-10","c465","h001",NA,NA
"A",18,"2021-10-10","c465","h001",NA,NA
"A",19,"2021-10-10","c465","h001",NA,NA
"A",20,"2021-10-10","c465","h001",NA,NA
"A",21,"2021-10-10","c465","h001",NA,NA
"A",22,"2021-10-10","c465","h001",NA,NA
"A",22,"2021-10-10","c462","h001",NA,NA
"A",23,"2021-10-10","c462","h001",NA,NA
"A",24,"2021-10-10","c462","h001",NA,NA
"A",25,"2021-10-10","c462","h001",NA,NA
"A",26,"2021-10-10","c462","h001",NA,NA
"A",26,"2021-10-10","c334","h001",NA,NA
"A",27,"2021-10-10","c334","h001",NA,NA
"A",28,"2021-10-10","c334","h001",NA,NA
"A",28,"2021-10-10","c103","h001",NA,NA
"A",29,"2021-10-10","c103","h001",NA,NA
"A",30,"2021-10-10","c103","h001",NA,NA
"A",30,"2021-10-10","c023","h001",NA,NA
"A",31,"2021-10-10","c023","h001",NA,NA
"A",32,"2021-10-10","c023","h001",NA,NA
"A",32,"2021-10-10","c243","h001",NA,NA
"A",33,"2021-10-10","c243","h001",NA,NA
"A",34,"2021-10-10","c243","h001",NA,NA
"A",34,"2021-10-10","c126","h001",NA,NA
"A",35,"2021-10-10","c126","h001",NA,NA
"A",36,"2021-10-10","c126","h001",NA,NA
"A",37,"2021-10-10","c126","h001",NA,NA
"A",38,"2021-10-10","c126","h001",NA,NA
"A",39,"2021-10-10","c126","h001",NA,NA
"A",39,"2021-10-10","c220","h001",NA,NA
"A",40,"2021-10-10","c220","h001",NA,NA
"A",41,"2021-10-10","c220","h001",NA,NA
"A",42,"2021-10-10","c220","h001",NA,NA
"A",42,"2021-10-10","c241","h001",NA,NA
"A",43,"2021-10-10","c241","h001",NA,NA
"A",44,"2021-10-10","c241","h001",NA,NA
"A",44,"2021-10-10","c245","h001",NA,NA
"A",45,"2021-10-10","c245","h001",NA,NA
"A",46,"2021-10-10","c245","h001",NA,NA
"A",0,"2021-10-10","c495","h001",NA,NA
"A",1,"2021-10-10","c495","h001",NA,NA
"A",2,"2021-10-10","c495","h001",NA,NA
"A",3,"2021-10-10","c495","h001",NA,NA
"A",4,"2021-10-10","c495","h001",NA,NA
"A",5,"2021-10-10","c495","h001",NA,NA
"A",5,"2021-10-10","c376","h001",NA,NA
"A",6,"2021-10-10","c376","h001",NA,NA
"A",7,"2021-10-10","c376","h001",NA,NA
"A",7,"2021-10-10","c054","h001",NA,NA
"A",8,"2021-10-10","c054","h001",NA,NA
"A",9,"2021-10-10","c054","h001",NA,NA
"A",10,"2021-10-10","c054","h001",NA,NA
"A",11,"2021-10-10","c054","h001",NA,NA
"A",12,"2021-10-10","c054","h001",NA,NA
"A",12,"2021-10-10","c181","h001",NA,NA
"A",13,"2021-10-10","c181","h001",NA,NA
"A",14,"2021-10-10","c181","h001",NA,NA
"A",14,"2021-10-10","c480","h001",NA,NA
"A",15,"2021-10-10","c480","h001",NA,NA
"A",16,"2021-10-10","c480","h001",NA,NA
"A",17,"2021-10-10","c480","h001",NA,NA
"A",18,"2021-10-10","c480","h001",NA,NA
"A",18,"2021-10-10","c198","h001",NA,NA
"A",19,"2021-10-10","c198","h001",NA,NA
"A",20,"2021-10-10","c198","h001",NA,NA
"A",20,"2021-10-10","c410","h001",NA,NA
"A",21,"2021-10-10","c410","h001",NA,NA
"A",22,"2021-10-10","c410","h001",NA,NA
"A",23,"2021-10-10","c410","h001",NA,NA
"A",24,"2021-10-10","c410","h001",NA,NA
"A",24,"2021-10-10","c393","h001",NA,NA
"A",25,"2021-10-10","c393","h001",NA,NA
"A",26,"2021-10-10","c393","h001",NA,NA
"A",26,"2021-10-10","c266","h001",NA,NA
"A",27,"2021-10-10","c266","h001",NA,NA
"A",28,"2021-10-10","c266","h001",NA,NA
"A",29,"2021-10-10","c266","h001",NA,NA
"A",30,"2021-10-10","c266","h001",NA,NA
"A",31,"2021-10-10","c266","h001",NA,NA
"A",31,"2021-10-10","c178","h001",NA,NA
"A",32,"2021-10-10","c178","h001",NA,NA
"A",33,"2021-10-10","c178","h001",NA,NA
"A",34,"2021-10-10","c178","h001",NA,NA
"A",35,"2021-10-10","c178","h001",NA,NA
"A",36,"2021-10-10","c178","h001",NA,NA
"A",36,"2021-10-10","c289","h001",NA,NA
"A",37,"2021-10-10","c289","h001",NA,NA
"A",38,"2021-10-10","c289","h001",NA,NA
"A",39,"2021-10-10","c289","h001",NA,NA
"A",39,"2021-10-10","c359","h001",NA,NA
"A",40,"2021-10-10","c359","h001",NA,NA
"A",41,"2021-10-10","c359","h001",NA,NA
"A",42,"2021-10-10","c359","h001",NA,NA
"A",43,"2021-10-10","c359","h001",NA,NA
"A",44,"2021-10-10","c359","h001",NA,NA
"A",0,"2021-10-10","c291","h001",NA,NA
"A",1,"2021-10-10","c291","h001",NA,NA
"A",2,"2021-10-10","c291","h001",NA,NA
"A",2,"2021-10-10","c386","h001",NA,NA
"A",3,"2021-10-10","c386","h001",NA,NA
"A",4,"2021-10-10","c386","h001",NA,NA
"A",4,"2021-10-10","c477","h001",NA,NA
"A",5,"2021-10-10","c477","h001",NA,NA
"A",6,"2021-10-10","c477","h001",NA,NA
"A",7,"2021-10-10","c477","h001",NA,NA
"A",8,"2021-10-10","c477","h001",NA,NA
"A",8,"2021-10-10","c116","h001",NA,NA
"A",9,"2021-10-10","c116","h001",NA,NA
"A",10,"2021-10-10","c116","h001",NA,NA
"A",11,"2021-10-10","c116","h001",NA,NA
"A",12,"2021-10-10","c116","h001",NA,NA
"A",12,"2021-10-10","c262","h001",NA,NA
"A",13,"2021-10-10","c262","h001",NA,NA
"A",14,"2021-10-10","c262","h001",NA,NA
"A",15,"2021-10-10","c262","h001",NA,NA
"A",16,"2021-10-10","c262","h001",NA,NA
"A",17,"2021-10-10","c262","h001",NA,NA
"A",17,"2021-10-10","c332","h001",NA,NA
"A",18,"2021-10-10","c332","h001",NA,NA
"A",19,"2021-10-10","c332","h001",NA,NA
"A",19,"2021-10-10","c380","h001",NA,NA
"A",20,"2021-10-10","c380","h001",NA,NA
"A",21,"2021-10-10","c380","h001",NA,NA
"A",22,"2021-10-10","c380","h001",NA,NA
"A",23,"2021-10-10","c380","h001",NA,NA
"A",24,"2021-10-10","c380","h001",NA,NA
"A",24,"2021-10-10","c456","h001",NA,NA
"A",25,"2021-10-10","c456","h001",NA,NA
"A",26,"2021-10-10","c456","h001",NA,NA
"A",26,"2021-10-10","c078","h001",NA,NA
"A",27,"2021-10-10","c078","h001",NA,NA
"A",28,"2021-10-10","c078","h001",NA,NA
"A",29,"2021-10-10","c078","h001",NA,NA
"A",29,"2021-10-10","c397","h001",NA,NA
"A",30,"2021-10-10","c397","h001",NA,NA
"A",31,"2021-10-10","c397","h001",NA,NA
"A",32,"2021-10-10","c397","h001",NA,NA
"A",32,"2021-10-10","c134","h001",NA,NA
"A",33,"2021-10-10","c134","h001",NA,NA
"A",34,"2021-10-10","c134","h001",NA,NA
"A",35,"2021-10-10","c134","h001",NA,NA
"A",36,"2021-10-10","c134","h001",NA,NA
"A",36,"2021-10-10","c276","h001",NA,NA
"A",37,"2021-10-10","c276","h001",NA,NA
"A",38,"2021-10-10","c276","h001",NA,NA
"A",39,"2021-10-10","c276","h001",NA,NA
"A",39,"2021-10-10","c160","h001",NA,NA
"A",40,"2021-10-10","c160","h001",NA,NA
"A",41,"2021-10-10","c160","h001",NA,NA
"A",41,"2021-10-10","c202","h001",NA,NA
"A",42,"2021-10-10","c202","h001",NA,NA
"A",43,"2021-10-10","c202","h001",NA,NA
"A",44,"2021-10-10","c202","h001",NA,NA
"A",45,"2021-10-10","c202","h001",NA,NA
"A",0,"2021-10-10","c182","h001",NA,NA
"A",1,"2021-10-10","c182","h001",NA,NA
"A",2,"2021-10-10","c182","h001",NA,NA
"A",3,"2021-10-10","c182","h001",NA,NA
"A",3,"2021-10-10","c169","h001",NA,NA
"A",4,"2021-10-10","c169","h001",NA,NA
"A",5,"2021-10-10","c169","h001",NA,NA
"A",6,"2021-10-10","c169","h001",NA,NA
"A",7,"2021-10-10","c169","h001",NA,NA
"A",7,"2021-10-10","c184","h001",NA,NA
"A",8,"2021-10-10","c184","h001",NA,NA
"A",9,"2021-10-10","c184","h001",NA,NA
"A",9,"2021-10-10","c145","h001",NA,NA
"A",10,"2021-10-10","c145","h001",NA,NA
"A",11,"2021-10-10","c145","h001",NA,NA
"A",12,"2021-10-10","c145","h001",NA,NA
"A",13,"2021-10-10","c145","h001",NA,NA
"A",14,"2021-10-10","c145","h001",NA,NA
"A",14,"2021-10-10","c310","h001",NA,NA
"A",15,"2021-10-10","c310","h001",NA,NA
"A",16,"2021-10-10","c310","h001",NA,NA
"A",16,"2021-10-10","c133","h001",NA,NA
"A",17,"2021-10-10","c133","h001",NA,NA
"A",18,"2021-10-10","c133","h001",NA,NA
"A",19,"2021-10-10","c133","h001",NA,NA
"A",20,"2021-10-10","c133","h001",NA,NA
"B",0,"2021-10-01","c350","h001",NA,NA
"B",1,"2021-10-01","c350","h001",NA,NA
"B",2,"2021-10-01","c350","h001",NA,NA
"B",2,"2021-10-01","c407","h001",NA,NA
"B",3,"2021-10-01","c407","h001",NA,NA
"B",4,"2021-10-01","c407","h001",NA,NA
"B",5,"2021-10-01","c407","h001",NA,NA
"B",5,"2021-10-01","c362","h001",NA,NA
"B",6,"2021-10-01","c362","h001",NA,NA
"B",7,"2021-10-01","c362","h001",NA,NA
"B",7,"2021-10-01","c259","h001",NA,NA
"B",8,"2021-10-01","c259","h001",NA,NA
"B",9,"2021-10-01","c259","h001",NA,NA
"B",10,"2021-10-01","c259","h001",NA,NA
"B",10,"2021-10-01","c336","h001",NA,NA
"B",11,"2021-10-01","c336","h001",NA,NA
"B",12,"2021-10-01","c336","h001",NA,NA
"B",13,"2021-10-01","c336","h001",NA,NA
"B",13,"2021-10-01","c065","h001",NA,NA
"B",14,"2021-10-01","c065","h001",NA,NA
"B",15,"2021-10-01","c065","h001",NA,NA
"B",16,"2021-10-01","c065","h001",NA,NA
"B",17,"2021-10-01","c065","h001",NA,NA
"B",17,"2021-10-01","c364","h001",NA,NA
"B",18,"2021-10-01","c364","h001",NA,NA
"B",19,"2021-10-01","c364","h001",NA,NA
"B",20,"2021-10-01","c364","h001",NA,NA
"B",20,"2021-10-01","c144","h001",NA,NA
"B",21,"2021-10-01","c144","h001",NA,NA
"B",22,"2021-10-01","c144","h001",NA,NA
"B",23,"2021-10-01","c144","h001",NA,NA
"B",23,"2021-10-01","c474","h001",NA,NA
"B",24,"2021-10-01","c474","h001",NA,NA
"B",25,"2021-10-01","c474","h001",NA,NA
"B",26,"2021-10-01","c474","h001",NA,NA
"B",27,"2021-10-01","c474","h001",NA,NA
"B",28,"2021-10-01","c474","h001",NA,NA
"B",28,"2021-10-01","c219","h001",NA,NA
"B",29,"2021-10-01","c219","h001",NA,NA
"B",30,"2021-10-01","c219","h001",NA,NA
"B",31,"2021-10-01","c219","h001",NA,NA
"B",32,"2021-10-01","c219","h001",NA,NA
"B",33,"2021-10-01","c219","h001",NA,NA
"B",33,"2021-10-01","c055","h001",NA,NA
"B",34,"2021-10-01","c055","h001",NA,NA
"B",35,"2021-10-01","c055","h001",NA,NA
"B",35,"2021-10-01","c487","h001",NA,NA
"B",36,"2021-10-01","c487","h001",NA,NA
"B",37,"2021-10-01","c487","h001",NA,NA
"B",37,"2021-10-01","c405","h001",NA,NA
"B",38,"2021-10-01","c405","h001",NA,NA
"B",39,"2021-10-01","c405","h001",NA,NA
"B",40,"2021-10-01","c405","h001",NA,NA
"B",41,"2021-10-01","c405","h001",NA,NA
"B",41,"2021-10-01","c467","h001",NA,NA
"B",42,"2021-10-01","c467","h001",NA,NA
"B",43,"2021-10-01","c467","h001",NA,NA
"B",44,"2021-10-01","c467","h001",NA,NA
"B",0,"2021-10-01","c365","h001",NA,NA
"B",1,"2021-10-01","c365","h001",NA,NA
"B",2,"2021-10-01","c365","h001",NA,NA
"B",3,"2021-10-01","c365","h001",NA,NA
"B",4,"2021-10-01","c365","h001",NA,NA
"B",5,"2021-10-01","c365","h001",NA,NA
"B",5,"2021-10-01","c320","h001",NA,NA
"B",6,"2021-10-01","c320","h001",NA,NA
"B",7,"2021-10-01","c320","h001",NA,NA
"B",8,"2021-10-01","c320","h001",NA,NA
"B",9,"2021-10-01","c320","h001",NA,NA
"B",9,"2021-10-01","c042","h001",NA,NA
"B",10,"2021-10-01","c042","h001",NA,NA
"B",11,"2021-10-01","c042","h001",NA,NA
"B",12,"2021-10-01","c042","h001",NA,NA
"B",13,"2021-10-01","c042","h001",NA,NA
"B",13,"2021-10-01","c364","h001",NA,NA
"B",14,"2021-10-01","c364","h001",NA,NA
"B",15,"2021-10-01","c364","h001",NA,NA
"B",16,"2021-10-01","c364","h001",NA,NA
"B",16,"2021-10-01","c308","h001",NA,NA
"B",17,"2021-10-01","c308","h001",NA,NA
"B",18,"2021-10-01","c308","h001",NA,NA
"B",19,"2021-10-01","c308","h001",NA,NA
"B",20,"2021-10-01","c308","h001",NA,NA
"B",20,"2021-10-01","c369","h001",NA,NA
"B",21,"2021-10-01","c369","h001",NA,NA
"B",22,"2021-10-01","c369","h001",NA,NA
"B",23,"2021-10-01","c369","h001",NA,NA
"B",24,"2021-10-01","c369","h001",NA,NA
"B",25,"2021-10-01","c369","h001",NA,NA
"B",25,"2021-10-01","c453","h001",NA,NA
"B",26,"2021-10-01","c453","h001",NA,NA
"B",27,"2021-10-01","c453","h001",NA,NA
"B",28,"2021-10-01","c453","h001",NA,NA
"B",29,"2021-10-01","c453","h001",NA,NA
"B",29,"2021-10-01","c386","h001",NA,NA
"B",30,"2021-10-01","c386","h001",NA,NA
"B",31,"2021-10-01","c386","h001",NA,NA
"B",32,"2021-10-01","c386","h001",NA,NA
"B",33,"2021-10-01","c386","h001",NA,NA
"B",34,"2021-10-01","c386","h001",NA,NA
"B",34,"2021-10-01","c115","h001",NA,NA
"B",35,"2021-10-01","c115","h001",NA,NA
"B",36,"2021-10-01","c115","h001",NA,NA
"B",37,"2021-10-01","c115","h001",NA,NA
"B",38,"2021-10-01","c115","h001",NA,NA
"B",38,"2021-10-01","c389","h001",NA,NA
"B",39,"2021-10-01","c389","h001",NA,NA
"B",40,"2021-10-01","c389","h001",NA,NA
"B",41,"2021-10-01","c389","h001",NA,NA
"B",42,"2021-10-01","c389","h001",NA,NA
"B",42,"2021-10-01","c129","h001",NA,NA
"B",43,"2021-10-01","c129","h001",NA,NA
"B",44,"2021-10-01","c129","h001",NA,NA
"B",45,"2021-10-01","c129","h001",NA,NA
"B",46,"2021-10-01","c129","h001",NA,NA
"B",0,"2021-10-01","c405","h001",NA,NA
"B",1,"2021-10-01","c405","h001",NA,NA
"B",2,"2021-10-01","c405","h001",NA,NA
"B",3,"2021-10-01","c405","h001",NA,NA
"B",3,"2021-10-01","c232","h001",NA,NA
"B",4,"2021-10-01","c232","h001",NA,NA
"B",5,"2021-10-01","c232","h001",NA,NA
"B",6,"2021-10-01","c232","h001",NA,NA
"B",7,"2021-10-01","c232","h001",NA,NA
"B",8,"2021-10-01","c232","h001",NA,NA
"B",8,"2021-10-01","c344","h001",NA,NA
"B",9,"2021-10-01","c344","h001",NA,NA
"B",10,"2021-10-01","c344","h001",NA,NA
"B",11,"2021-10-01","c344","h001",NA,NA
"B",11,"2021-10-01","c333","h001",NA,NA
"B",12,"2021-10-01","c333","h001",NA,NA
"B",13,"2021-10-01","c333","h001",NA,NA
"B",14,"2021-10-01","c333","h001",NA,NA
"B",15,"2021-10-01","c333","h001",NA,NA
"B",16,"2021-10-01","c333","h001",NA,NA
"B",16,"2021-10-01","c223","h001",NA,NA
"B",17,"2021-10-01","c223","h001",NA,NA
"B",18,"2021-10-01","c223","h001",NA,NA
"B",18,"2021-10-01","c222","h001",NA,NA
"B",19,"2021-10-01","c222","h001",NA,NA
"B",20,"2021-10-01","c222","h001",NA,NA
"B",21,"2021-10-01","c222","h001",NA,NA
"B",21,"2021-10-01","c140","h001",NA,NA
"B",22,"2021-10-01","c140","h001",NA,NA
"B",23,"2021-10-01","c140","h001",NA,NA
"B",24,"2021-10-01","c140","h001",NA,NA
"B",25,"2021-10-01","c140","h001",NA,NA
"B",25,"2021-10-01","c085","h001",NA,NA
"B",26,"2021-10-01","c085","h001",NA,NA
"B",27,"2021-10-01","c085","h001",NA,NA
"B",27,"2021-10-01","c225","h001",NA,NA
"B",28,"2021-10-01","c225","h001",NA,NA
"B",29,"2021-10-01","c225","h001",NA,NA
"B",29,"2021-10-01","c072","h001",NA,NA
"B",30,"2021-10-01","c072","h001",NA,NA
"B",31,"2021-10-01","c072","h001",NA,NA
"B",32,"2021-10-01","c072","h001",NA,NA
"B",33,"2021-10-01","c072","h001",NA,NA
"B",33,"2021-10-01","c231","h001",NA,NA
"B",34,"2021-10-01","c231","h001",NA,NA
"B",35,"2021-10-01","c231","h001",NA,NA
"B",36,"2021-10-01","c231","h001",NA,NA
"B",37,"2021-10-01","c231","h001",NA,NA
"B",37,"2021-10-01","c166","h001",NA,NA
"B",38,"2021-10-01","c166","h001",NA,NA
"B",39,"2021-10-01","c166","h001",NA,NA
"B",40,"2021-10-01","c166","h001",NA,NA
"B",41,"2021-10-01","c166","h001",NA,NA
"B",41,"2021-10-01","c405","h001",NA,NA
"B",42,"2021-10-01","c405","h001",NA,NA
"B",43,"2021-10-01","c405","h001",NA,NA
"B",44,"2021-10-01","c405","h001",NA,NA
"B",45,"2021-10-01","c405","h001",NA,NA
"B",0,"2021-10-01","c069","h001",NA,NA
"B",1,"2021-10-01","c069","h001",NA,NA
"B",2,"2021-10-01","c069","h001",NA,NA
"B",2,"2021-10-01","c351","h001",NA,NA
"B",3,"2021-10-01","c351","h001",NA,NA
"B",4,"2021-10-01","c351","h001",NA,NA
"B",5,"2021-10-01","c351","h001",NA,NA
"B",5,"2021-10-01","c189","h001",NA,NA
"B",6,"2021-10-01","c189","h001",NA,NA
"B",7,"2021-10-01","c189","h001",NA,NA
"B",8,"2021-10-01","c189","h001",NA,NA
"B",9,"2021-10-01","c189","h001",NA,NA
"B",10,"2021-10-01","c189","h001",NA,NA
"B",10,"2021-10-01","c063","h001",NA,NA
"B",11,"2021-10-01","c063","h001",NA,NA
"B",12,"2021-10-01","c063","h001",NA,NA
"B",13,"2021-10-01","c063","h001",NA,NA
"B",14,"2021-10-01","c063","h001",NA,NA
"B",15,"2021-10-01","c063","h001",NA,NA
"B",15,"2021-10-01","c108","h001",NA,NA
"B",16,"2021-10-01","c108","h001",NA,NA
"B",17,"2021-10-01","c108","h001",NA,NA
"B",18,"2021-10-01","c108","h001",NA,NA
"B",19,"2021-10-01","c108","h001",NA,NA
"B",20,"2021-10-01","c108","h001",NA,NA
"B",0,"2021-10-02","c234","h001",NA,NA
"B",1,"2021-10-02","c234","h001",NA,NA
"B",2,"2021-10-02","c234","h001",NA,NA
"B",3,"2021-10-02","c234","h001",NA,NA
"B",3,"2021-10-02","c441","h001",NA,NA
"B",4,"2021-10-02","c441","h001",NA,NA
"B",5,"2021-10-02","c441","h001",NA,NA
"B",6,"2021-10-02","c441","h001",NA,NA
"B",6,"2021-10-02","c171","h001",NA,NA
"B",7,"2021-10-02","c171","h001",NA,NA
"B",8,"2021-10-02","c171","h001",NA,NA
"B",9,"2021-10-02","c171","h001",NA,NA
"B",10,"2021-10-02","c171","h001",NA,NA
"B",10,"2021-10-02","c060","h001",NA,NA
"B",11,"2021-10-02","c060","h001",NA,NA
"B",12,"2021-10-02","c060","h001",NA,NA
"B",13,"2021-10-02","c060","h001",NA,NA
"B",13,"2021-10-02","c154","h001",NA,NA
"B",14,"2021-10-02","c154","h001",NA,NA
"B",15,"2021-10-02","c154","h001",NA,NA
"B",16,"2021-10-02","c154","h001",NA,NA
"B",16,"2021-10-02","c208","h001",NA,NA
"B",17,"2021-10-02","c208","h001",NA,NA
"B",18,"2021-10-02","c208","h001",NA,NA
"B",19,"2021-10-02","c208","h001",NA,NA
"B",20,"2021-10-02","c208","h001",NA,NA
"B",21,"2021-10-02","c208","h001",NA,NA
"B",21,"2021-10-02","c041","h001",NA,NA
"B",22,"2021-10-02","c041","h001",NA,NA
"B",23,"2021-10-02","c041","h001",NA,NA
"B",24,"2021-10-02","c041","h001",NA,NA
"B",25,"2021-10-02","c041","h001",NA,NA
"B",26,"2021-10-02","c041","h001",NA,NA
"B",26,"2021-10-02","c334","h001",NA,NA
"B",27,"2021-10-02","c334","h001",NA,NA
"B",28,"2021-10-02","c334","h001",NA,NA
"B",29,"2021-10-02","c334","h001",NA,NA
"B",30,"2021-10-02","c334","h001",NA,NA
"B",30,"2021-10-02","c418","h001",NA,NA
"B",31,"2021-10-02","c418","h001",NA,NA
"B",32,"2021-10-02","c418","h001",NA,NA
"B",33,"2021-10-02","c418","h001",NA,NA
"B",34,"2021-10-02","c418","h001",NA,NA
"B",35,"2021-10-02","c418","h001",NA,NA
"B",35,"2021-10-02","c133","h001",NA,NA
"B",36,"2021-10-02","c133","h001",NA,NA
"B",37,"2021-10-02","c133","h001",NA,NA
"B",38,"2021-10-02","c133","h001",NA,NA
"B",39,"2021-10-02","c133","h001",NA,NA
"B",40,"2021-10-02","c133","h001",NA,NA
"B",40,"2021-10-02","c346","h001",NA,NA
"B",41,"2021-10-02","c346","h001",NA,NA
"B",42,"2021-10-02","c346","h001",NA,NA
"B",43,"2021-10-02","c346","h001",NA,NA
"B",44,"2021-10-02","c346","h001",NA,NA
"B",44,"2021-10-02","c327","h001",NA,NA
"B",45,"2021-10-02","c327","h001",NA,NA
"B",46,"2021-10-02","c327","h001",NA,NA
"B",47,"2021-10-02","c327","h001",NA,NA
"B",0,"2021-10-02","c132","h001",NA,NA
"B",1,"2021-10-02","c132","h001",NA,NA
"B",2,"2021-10-02","c132","h001",NA,NA
"B",3,"2021-10-02","c132","h001",NA,NA
"B",4,"2021-10-02","c132","h001",NA,NA
"B",5,"2021-10-02","c132","h001",NA,NA
"B",5,"2021-10-02","c192","h001",NA,NA
"B",6,"2021-10-02","c192","h001",NA,NA
"B",7,"2021-10-02","c192","h001",NA,NA
"B",8,"2021-10-02","c192","h001",NA,NA
"B",9,"2021-10-02","c192","h001",NA,NA
"B",10,"2021-10-02","c192","h001",NA,NA
"B",10,"2021-10-02","c419","h001",NA,NA
"B",11,"2021-10-02","c419","h001",NA,NA
"B",12,"2021-10-02","c419","h001",NA,NA
"B",13,"2021-10-02","c419","h001",NA,NA
"B",14,"2021-10-02","c419","h001",NA,NA
"B",15,"2021-10-02","c419","h001",NA,NA
"B",15,"2021-10-02","c217","h001",NA,NA
"B",16,"2021-10-02","c217","h001",NA,NA
"B",17,"2021-10-02","c217","h001",NA,NA
"B",17,"2021-10-02","c355","h001",NA,NA
"B",18,"2021-10-02","c355","h001",NA,NA
"B",19,"2021-10-02","c355","h001",NA,NA
"B",20,"2021-10-02","c355","h001",NA,NA
"B",20,"2021-10-02","c052","h001",NA,NA
"B",21,"2021-10-02","c052","h001",NA,NA
"B",22,"2021-10-02","c052","h001",NA,NA
"B",23,"2021-10-02","c052","h001",NA,NA
"B",24,"2021-10-02","c052","h001",NA,NA
"B",24,"2021-10-02","c352","h001",NA,NA
"B",25,"2021-10-02","c352","h001",NA,NA
"B",26,"2021-10-02","c352","h001",NA,NA
"B",26,"2021-10-02","c112","h001",NA,NA
"B",27,"2021-10-02","c112","h001",NA,NA
"B",28,"2021-10-02","c112","h001",NA,NA
"B",29,"2021-10-02","c112","h001",NA,NA
"B",30,"2021-10-02","c112","h001",NA,NA
"B",31,"2021-10-02","c112","h001",NA,NA
"B",31,"2021-10-02","c178","h001",NA,NA
"B",32,"2021-10-02","c178","h001",NA,NA
"B",33,"2021-10-02","c178","h001",NA,NA
"B",34,"2021-10-02","c178","h001",NA,NA
"B",35,"2021-10-02","c178","h001",NA,NA
"B",36,"2021-10-02","c178","h001",NA,NA
"B",36,"2021-10-02","c186","h001",NA,NA
"B",37,"2021-10-02","c186","h001",NA,NA
"B",38,"2021-10-02","c186","h001",NA,NA
"B",39,"2021-10-02","c186","h001",NA,NA
"B",40,"2021-10-02","c186","h001",NA,NA
"B",41,"2021-10-02","c186","h001",NA,NA
"B",41,"2021-10-02","c421","h001",NA,NA
"B",42,"2021-10-02","c421","h001",NA,NA
"B",43,"2021-10-02","c421","h001",NA,NA
"B",44,"2021-10-02","c421","h001",NA,NA
"B",45,"2021-10-02","c421","h001",NA,NA
"B",0,"2021-10-02","c259","h001",NA,NA
"B",1,"2021-10-02","c259","h001",NA,NA
"B",2,"2021-10-02","c259","h001",NA,NA
"B",2,"2021-10-02","c420","h001",NA,NA
"B",3,"2021-10-02","c420","h001",NA,NA
"B",4,"2021-10-02","c420","h001",NA,NA
"B",4,"2021-10-02","c031","h001",NA,NA
"B",5,"2021-10-02","c031","h001",NA,NA
"B",6,"2021-10-02","c031","h001",NA,NA
"B",7,"2021-10-02","c031","h001",NA,NA
"B",7,"2021-10-02","c111","h001",NA,NA
"B",8,"2021-10-02","c111","h001",NA,NA
"B",9,"2021-10-02","c111","h001",NA,NA
"B",10,"2021-10-02","c111","h001",NA,NA
"B",11,"2021-10-02","c111","h001",NA,NA
"B",12,"2021-10-02","c111","h001",NA,NA
"B",12,"2021-10-02","c018","h001",NA,NA
"B",13,"2021-10-02","c018","h001",NA,NA
"B",14,"2021-10-02","c018","h001",NA,NA
"B",15,"2021-10-02","c018","h001",NA,NA
"B",15,"2021-10-02","c033","h001",NA,NA
"B",16,"2021-10-02","c033","h001",NA,NA
"B",17,"2021-10-02","c033","h001",NA,NA
"B",18,"2021-10-02","c033","h001",NA,NA
"B",19,"2021-10-02","c033","h001",NA,NA
"B",19,"2021-10-02","c223","h001",NA,NA
"B",20,"2021-10-02","c223","h001",NA,NA
"B",21,"2021-10-02","c223","h001",NA,NA
"B",21,"2021-10-02","c310","h001",NA,NA
"B",22,"2021-10-02","c310","h001",NA,NA
"B",23,"2021-10-02","c310","h001",NA,NA
"B",24,"2021-10-02","c310","h001",NA,NA
"B",24,"2021-10-02","c329","h001",NA,NA
"B",25,"2021-10-02","c329","h001",NA,NA
"B",26,"2021-10-02","c329","h001",NA,NA
"B",27,"2021-10-02","c329","h001",NA,NA
"B",28,"2021-10-02","c329","h001",NA,NA
"B",29,"2021-10-02","c329","h001",NA,NA
"B",29,"2021-10-02","c362","h001",NA,NA
"B",30,"2021-10-02","c362","h001",NA,NA
"B",31,"2021-10-02","c362","h001",NA,NA
"B",32,"2021-10-02","c362","h001",NA,NA
"B",33,"2021-10-02","c362","h001",NA,NA
"B",33,"2021-10-02","c495","h001",NA,NA
"B",34,"2021-10-02","c495","h001",NA,NA
"B",35,"2021-10-02","c495","h001",NA,NA
"B",36,"2021-10-02","c495","h001",NA,NA
"B",37,"2021-10-02","c495","h001",NA,NA
"B",38,"2021-10-02","c495","h001",NA,NA
"B",38,"2021-10-02","c356","h001",NA,NA
"B",39,"2021-10-02","c356","h001",NA,NA
"B",40,"2021-10-02","c356","h001",NA,NA
"B",40,"2021-10-02","c123","h001",NA,NA
"B",41,"2021-10-02","c123","h001",NA,NA
"B",42,"2021-10-02","c123","h001",NA,NA
"B",43,"2021-10-02","c123","h001",NA,NA
"B",44,"2021-10-02","c123","h001",NA,NA
"B",0,"2021-10-02","c031","h001",NA,NA
"B",1,"2021-10-02","c031","h001",NA,NA
"B",2,"2021-10-02","c031","h001",NA,NA
"B",2,"2021-10-02","c140","h001",NA,NA
"B",3,"2021-10-02","c140","h001",NA,NA
"B",4,"2021-10-02","c140","h001",NA,NA
"B",5,"2021-10-02","c140","h001",NA,NA
"B",6,"2021-10-02","c140","h001",NA,NA
"B",7,"2021-10-02","c140","h001",NA,NA
"B",7,"2021-10-02","c055","h001",NA,NA
"B",8,"2021-10-02","c055","h001",NA,NA
"B",9,"2021-10-02","c055","h001",NA,NA
"B",10,"2021-10-02","c055","h001",NA,NA
"B",11,"2021-10-02","c055","h001",NA,NA
"B",12,"2021-10-02","c055","h001",NA,NA
"B",12,"2021-10-02","c066","h001",NA,NA
"B",13,"2021-10-02","c066","h001",NA,NA
"B",14,"2021-10-02","c066","h001",NA,NA
"B",15,"2021-10-02","c066","h001",NA,NA
"B",16,"2021-10-02","c066","h001",NA,NA
"B",17,"2021-10-02","c066","h001",NA,NA
"B",17,"2021-10-02","c019","h001",NA,NA
"B",18,"2021-10-02","c019","h001",NA,NA
"B",19,"2021-10-02","c019","h001",NA,NA
"B",20,"2021-10-02","c019","h001",NA,NA
"B",21,"2021-10-02","c019","h001",NA,NA
"B",21,"2021-10-02","c396","h001",NA,NA
"B",22,"2021-10-02","c396","h001",NA,NA
"B",23,"2021-10-02","c396","h001",NA,NA
"B",24,"2021-10-02","c396","h001",NA,NA
"B",25,"2021-10-02","c396","h001",NA,NA
"B",25,"2021-10-02","c134","h001",NA,NA
"B",26,"2021-10-02","c134","h001",NA,NA
"B",27,"2021-10-02","c134","h001",NA,NA
"B",28,"2021-10-02","c134","h001",NA,NA
"B",29,"2021-10-02","c134","h001",NA,NA
"B",30,"2021-10-02","c134","h001",NA,NA
"B",30,"2021-10-02","c457","h001",NA,NA
"B",31,"2021-10-02","c457","h001",NA,NA
"B",32,"2021-10-02","c457","h001",NA,NA
"B",33,"2021-10-02","c457","h001",NA,NA
"B",34,"2021-10-02","c457","h001",NA,NA
"B",34,"2021-10-02","c488","h001",NA,NA
"B",35,"2021-10-02","c488","h001",NA,NA
"B",36,"2021-10-02","c488","h001",NA,NA
"B",37,"2021-10-02","c488","h001",NA,NA
"B",38,"2021-10-02","c488","h001",NA,NA
"B",39,"2021-10-02","c488","h001",NA,NA
"B",39,"2021-10-02","c049","h001",NA,NA
"B",40,"2021-10-02","c049","h001",NA,NA
"B",41,"2021-10-02","c049","h001",NA,NA
"B",41,"2021-10-02","c310","h001",NA,NA
"B",42,"2021-10-02","c310","h001",NA,NA
"B",43,"2021-10-02","c310","h001",NA,NA
"B",0,"2021-10-03","c030","h001",NA,NA
"B",1,"2021-10-03","c030","h001",NA,NA
"B",2,"2021-10-03","c030","h001",NA,NA
"B",2,"2021-10-03","c402","h001",NA,NA
"B",3,"2021-10-03","c402","h001",NA,NA
"B",4,"2021-10-03","c402","h001",NA,NA
"B",4,"2021-10-03","c493","h001",NA,NA
"B",5,"2021-10-03","c493","h001",NA,NA
"B",6,"2021-10-03","c493","h001",NA,NA
"B",6,"2021-10-03","c234","h001",NA,NA
"B",7,"2021-10-03","c234","h001",NA,NA
"B",8,"2021-10-03","c234","h001",NA,NA
"B",9,"2021-10-03","c234","h001",NA,NA
"B",10,"2021-10-03","c234","h001",NA,NA
"B",11,"2021-10-03","c234","h001",NA,NA
"B",11,"2021-10-03","c266","h001",NA,NA
"B",12,"2021-10-03","c266","h001",NA,NA
"B",13,"2021-10-03","c266","h001",NA,NA
"B",14,"2021-10-03","c266","h001",NA,NA
"B",15,"2021-10-03","c266","h001",NA,NA
"B",15,"2021-10-03","c253","h001",NA,NA
"B",16,"2021-10-03","c253","h001",NA,NA
"B",17,"2021-10-03","c253","h001",NA,NA
"B",18,"2021-10-03","c253","h001",NA,NA
"B",19,"2021-10-03","c253","h001",NA,NA
"B",20,"2021-10-03","c253","h001",NA,NA
"B",20,"2021-10-03","c278","h001",NA,NA
"B",21,"2021-10-03","c278","h001",NA,NA
"B",22,"2021-10-03","c278","h001",NA,NA
"B",23,"2021-10-03","c278","h001",NA,NA
"B",24,"2021-10-03","c278","h001",NA,NA
"B",24,"2021-10-03","c297","h001",NA,NA
"B",25,"2021-10-03","c297","h001",NA,NA
"B",26,"2021-10-03","c297","h001",NA,NA
"B",27,"2021-10-03","c297","h001",NA,NA
"B",27,"2021-10-03","c102","h001",NA,NA
"B",28,"2021-10-03","c102","h001",NA,NA
"B",29,"2021-10-03","c102","h001",NA,NA
"B",30,"2021-10-03","c102","h001",NA,NA
"B",30,"2021-10-03","c133","h001",NA,NA
"B",31,"2021-10-03","c133","h001",NA,NA
"B",32,"2021-10-03","c133","h001",NA,NA
"B",33,"2021-10-03","c133","h001",NA,NA
"B",34,"2021-10-03","c133","h001",NA,NA
"B",35,"2021-10-03","c133","h001",NA,NA
"B",35,"2021-10-03","c486","h001",NA,NA
"B",36,"2021-10-03","c486","h001",NA,NA
"B",37,"2021-10-03","c486","h001",NA,NA
"B",38,"2021-10-03","c486","h001",NA,NA
"B",39,"2021-10-03","c486","h001",NA,NA
"B",40,"2021-10-03","c486","h001",NA,NA
"B",40,"2021-10-03","c422","h001",NA,NA
"B",41,"2021-10-03","c422","h001",NA,NA
"B",42,"2021-10-03","c422","h001",NA,NA
"B",43,"2021-10-03","c422","h001",NA,NA
"B",44,"2021-10-03","c422","h001",NA,NA
"B",45,"2021-10-03","c422","h001",NA,NA
"B",45,"2021-10-03","c044","h001",NA,NA
"B",46,"2021-10-03","c044","h001",NA,NA
"B",47,"2021-10-03","c044","h001",NA,NA
"B",0,"2021-10-03","c410","h001",NA,NA
"B",1,"2021-10-03","c410","h001",NA,NA
"B",2,"2021-10-03","c410","h001",NA,NA
"B",2,"2021-10-03","c475","h001",NA,NA
"B",3,"2021-10-03","c475","h001",NA,NA
"B",4,"2021-10-03","c475","h001",NA,NA
"B",5,"2021-10-03","c475","h001",NA,NA
"B",6,"2021-10-03","c475","h001",NA,NA
"B",7,"2021-10-03","c475","h001",NA,NA
"B",7,"2021-10-03","c108","h001",NA,NA
"B",8,"2021-10-03","c108","h001",NA,NA
"B",9,"2021-10-03","c108","h001",NA,NA
"B",10,"2021-10-03","c108","h001",NA,NA
"B",11,"2021-10-03","c108","h001",NA,NA
"B",11,"2021-10-03","c318","h001",NA,NA
"B",12,"2021-10-03","c318","h001",NA,NA
"B",13,"2021-10-03","c318","h001",NA,NA
"B",14,"2021-10-03","c318","h001",NA,NA
"B",15,"2021-10-03","c318","h001",NA,NA
"B",16,"2021-10-03","c318","h001",NA,NA
"B",16,"2021-10-03","c396","h001",NA,NA
"B",17,"2021-10-03","c396","h001",NA,NA
"B",18,"2021-10-03","c396","h001",NA,NA
"B",19,"2021-10-03","c396","h001",NA,NA
"B",20,"2021-10-03","c396","h001",NA,NA
"B",21,"2021-10-03","c396","h001",NA,NA
"B",21,"2021-10-03","c274","h001",NA,NA
"B",22,"2021-10-03","c274","h001",NA,NA
"B",23,"2021-10-03","c274","h001",NA,NA
"B",23,"2021-10-03","c049","h001",NA,NA
"B",24,"2021-10-03","c049","h001",NA,NA
"B",25,"2021-10-03","c049","h001",NA,NA
"B",26,"2021-10-03","c049","h001",NA,NA
"B",27,"2021-10-03","c049","h001",NA,NA
"B",28,"2021-10-03","c049","h001",NA,NA
"B",28,"2021-10-03","c065","h001",NA,NA
"B",29,"2021-10-03","c065","h001",NA,NA
"B",30,"2021-10-03","c065","h001",NA,NA
"B",31,"2021-10-03","c065","h001",NA,NA
"B",32,"2021-10-03","c065","h001",NA,NA
"B",33,"2021-10-03","c065","h001",NA,NA
"B",33,"2021-10-03","c094","h001",NA,NA
"B",34,"2021-10-03","c094","h001",NA,NA
"B",35,"2021-10-03","c094","h001",NA,NA
"B",36,"2021-10-03","c094","h001",NA,NA
"B",37,"2021-10-03","c094","h001",NA,NA
"B",38,"2021-10-03","c094","h001",NA,NA
"B",38,"2021-10-03","c259","h001",NA,NA
"B",39,"2021-10-03","c259","h001",NA,NA
"B",40,"2021-10-03","c259","h001",NA,NA
"B",41,"2021-10-03","c259","h001",NA,NA
"B",41,"2021-10-03","c030","h001",NA,NA
"B",42,"2021-10-03","c030","h001",NA,NA
"B",43,"2021-10-03","c030","h001",NA,NA
"B",43,"2021-10-03","c305","h001",NA,NA
"B",44,"2021-10-03","c305","h001",NA,NA
"B",45,"2021-10-03","c305","h001",NA,NA
"B",46,"2021-10-03","c305","h001",NA,NA
"B",0,"2021-10-03","c219","h001",NA,NA
"B",1,"2021-10-03","c219","h001",NA,NA
"B",2,"2021-10-03","c219","h001",NA,NA
"B",3,"2021-10-03","c219","h001",NA,NA
"B",4,"2021-10-03","c219","h001",NA,NA
"B",5,"2021-10-03","c219","h001",NA,NA
"B",5,"2021-10-03","c254","h001",NA,NA
"B",6,"2021-10-03","c254","h001",NA,NA
"B",7,"2021-10-03","c254","h001",NA,NA
"B",8,"2021-10-03","c254","h001",NA,NA
"B",8,"2021-10-03","c385","h001",NA,NA
"B",9,"2021-10-03","c385","h001",NA,NA
"B",10,"2021-10-03","c385","h001",NA,NA
"B",11,"2021-10-03","c385","h001",NA,NA
"B",11,"2021-10-03","c106","h001",NA,NA
"B",12,"2021-10-03","c106","h001",NA,NA
"B",13,"2021-10-03","c106","h001",NA,NA
"B",13,"2021-10-03","c212","h001",NA,NA
"B",14,"2021-10-03","c212","h001",NA,NA
"B",15,"2021-10-03","c212","h001",NA,NA
"B",16,"2021-10-03","c212","h001",NA,NA
"B",17,"2021-10-03","c212","h001",NA,NA
"B",18,"2021-10-03","c212","h001",NA,NA
"B",18,"2021-10-03","c376","h001",NA,NA
"B",19,"2021-10-03","c376","h001",NA,NA
"B",20,"2021-10-03","c376","h001",NA,NA
"B",21,"2021-10-03","c376","h001",NA,NA
"B",21,"2021-10-03","c076","h001",NA,NA
"B",22,"2021-10-03","c076","h001",NA,NA
"B",23,"2021-10-03","c076","h001",NA,NA
"B",24,"2021-10-03","c076","h001",NA,NA
"B",25,"2021-10-03","c076","h001",NA,NA
"B",25,"2021-10-03","c134","h001",NA,NA
"B",26,"2021-10-03","c134","h001",NA,NA
"B",27,"2021-10-03","c134","h001",NA,NA
"B",28,"2021-10-03","c134","h001",NA,NA
"B",29,"2021-10-03","c134","h001",NA,NA
"B",29,"2021-10-03","c275","h001",NA,NA
"B",30,"2021-10-03","c275","h001",NA,NA
"B",31,"2021-10-03","c275","h001",NA,NA
"B",32,"2021-10-03","c275","h001",NA,NA
"B",33,"2021-10-03","c275","h001",NA,NA
"B",34,"2021-10-03","c275","h001",NA,NA
"B",34,"2021-10-03","c325","h001",NA,NA
"B",35,"2021-10-03","c325","h001",NA,NA
"B",36,"2021-10-03","c325","h001",NA,NA
"B",37,"2021-10-03","c325","h001",NA,NA
"B",38,"2021-10-03","c325","h001",NA,NA
"B",39,"2021-10-03","c325","h001",NA,NA
"B",39,"2021-10-03","c337","h001",NA,NA
"B",40,"2021-10-03","c337","h001",NA,NA
"B",41,"2021-10-03","c337","h001",NA,NA
"B",41,"2021-10-03","c403","h001",NA,NA
"B",42,"2021-10-03","c403","h001",NA,NA
"B",43,"2021-10-03","c403","h001",NA,NA
"B",44,"2021-10-03","c403","h001",NA,NA
"B",45,"2021-10-03","c403","h001",NA,NA
"B",0,"2021-10-03","c316","h001",NA,NA
"B",1,"2021-10-03","c316","h001",NA,NA
"B",2,"2021-10-03","c316","h001",NA,NA
"B",3,"2021-10-03","c316","h001",NA,NA
"B",3,"2021-10-03","c109","h001",NA,NA
"B",4,"2021-10-03","c109","h001",NA,NA
"B",5,"2021-10-03","c109","h001",NA,NA
"B",6,"2021-10-03","c109","h001",NA,NA
"B",6,"2021-10-03","c351","h001",NA,NA
"B",7,"2021-10-03","c351","h001",NA,NA
"B",8,"2021-10-03","c351","h001",NA,NA
"B",9,"2021-10-03","c351","h001",NA,NA
"B",9,"2021-10-03","c147","h001",NA,NA
"B",10,"2021-10-03","c147","h001",NA,NA
"B",11,"2021-10-03","c147","h001",NA,NA
"B",12,"2021-10-03","c147","h001",NA,NA
"B",12,"2021-10-03","c150","h001",NA,NA
"B",13,"2021-10-03","c150","h001",NA,NA
"B",14,"2021-10-03","c150","h001",NA,NA
"B",15,"2021-10-03","c150","h001",NA,NA
"B",15,"2021-10-03","c020","h001",NA,NA
"B",16,"2021-10-03","c020","h001",NA,NA
"B",17,"2021-10-03","c020","h001",NA,NA
"B",17,"2021-10-03","c110","h001",NA,NA
"B",18,"2021-10-03","c110","h001",NA,NA
"B",19,"2021-10-03","c110","h001",NA,NA
"B",20,"2021-10-03","c110","h001",NA,NA
"B",20,"2021-10-03","c273","h001",NA,NA
"B",21,"2021-10-03","c273","h001",NA,NA
"B",22,"2021-10-03","c273","h001",NA,NA
"B",23,"2021-10-03","c273","h001",NA,NA
"B",24,"2021-10-03","c273","h001",NA,NA
"B",25,"2021-10-03","c273","h001",NA,NA
"B",25,"2021-10-03","c316","h001",NA,NA
"B",26,"2021-10-03","c316","h001",NA,NA
"B",27,"2021-10-03","c316","h001",NA,NA
"B",28,"2021-10-03","c316","h001",NA,NA
"B",29,"2021-10-03","c316","h001",NA,NA
"B",29,"2021-10-03","c457","h001",NA,NA
"B",30,"2021-10-03","c457","h001",NA,NA
"B",31,"2021-10-03","c457","h001",NA,NA
"B",32,"2021-10-03","c457","h001",NA,NA
"B",33,"2021-10-03","c457","h001",NA,NA
"B",33,"2021-10-03","c136","h001",NA,NA
"B",34,"2021-10-03","c136","h001",NA,NA
"B",35,"2021-10-03","c136","h001",NA,NA
"B",36,"2021-10-03","c136","h001",NA,NA
"B",37,"2021-10-03","c136","h001",NA,NA
"B",38,"2021-10-03","c136","h001",NA,NA
"B",38,"2021-10-03","c098","h001",NA,NA
"B",39,"2021-10-03","c098","h001",NA,NA
"B",40,"2021-10-03","c098","h001",NA,NA
"B",40,"2021-10-03","c019","h001",NA,NA
"B",41,"2021-10-03","c019","h001",NA,NA
"B",42,"2021-10-03","c019","h001",NA,NA
"B",42,"2021-10-03","c041","h001",NA,NA
"B",43,"2021-10-03","c041","h001",NA,NA
"B",44,"2021-10-03","c041","h001",NA,NA
"B",45,"2021-10-03","c041","h001",NA,NA
"B",46,"2021-10-03","c041","h001",NA,NA
"B",0,"2021-10-03","c437","h001",NA,NA
"B",1,"2021-10-03","c437","h001",NA,NA
"B",2,"2021-10-03","c437","h001",NA,NA
"B",2,"2021-10-03","c245","h001",NA,NA
"B",3,"2021-10-03","c245","h001",NA,NA
"B",4,"2021-10-03","c245","h001",NA,NA
"B",5,"2021-10-03","c245","h001",NA,NA
"B",6,"2021-10-03","c245","h001",NA,NA
"B",6,"2021-10-03","c286","h001",NA,NA
"B",7,"2021-10-03","c286","h001",NA,NA
"B",8,"2021-10-03","c286","h001",NA,NA
"B",9,"2021-10-03","c286","h001",NA,NA
"B",10,"2021-10-03","c286","h001",NA,NA
"B",10,"2021-10-03","c315","h001",NA,NA
"B",11,"2021-10-03","c315","h001",NA,NA
"B",12,"2021-10-03","c315","h001",NA,NA
"B",12,"2021-10-03","c450","h001",NA,NA
"B",13,"2021-10-03","c450","h001",NA,NA
"B",14,"2021-10-03","c450","h001",NA,NA
"B",15,"2021-10-03","c450","h001",NA,NA
"B",16,"2021-10-03","c450","h001",NA,NA
"B",17,"2021-10-03","c450","h001",NA,NA
"B",17,"2021-10-03","c086","h001",NA,NA
"B",18,"2021-10-03","c086","h001",NA,NA
"B",19,"2021-10-03","c086","h001",NA,NA
"B",20,"2021-10-03","c086","h001",NA,NA
"B",21,"2021-10-03","c086","h001",NA,NA
"B",0,"2021-10-04","c162","h001",NA,NA
"B",1,"2021-10-04","c162","h001",NA,NA
"B",2,"2021-10-04","c162","h001",NA,NA
"B",3,"2021-10-04","c162","h001",NA,NA
"B",4,"2021-10-04","c162","h001",NA,NA
"B",4,"2021-10-04","c055","h001",NA,NA
"B",5,"2021-10-04","c055","h001",NA,NA
"B",6,"2021-10-04","c055","h001",NA,NA
"B",6,"2021-10-04","c479","h001",NA,NA
"B",7,"2021-10-04","c479","h001",NA,NA
"B",8,"2021-10-04","c479","h001",NA,NA
"B",9,"2021-10-04","c479","h001",NA,NA
"B",10,"2021-10-04","c479","h001",NA,NA
"B",10,"2021-10-04","c165","h001",NA,NA
"B",11,"2021-10-04","c165","h001",NA,NA
"B",12,"2021-10-04","c165","h001",NA,NA
"B",12,"2021-10-04","c427","h001",NA,NA
"B",13,"2021-10-04","c427","h001",NA,NA
"B",14,"2021-10-04","c427","h001",NA,NA
"B",14,"2021-10-04","c177","h001",NA,NA
"B",15,"2021-10-04","c177","h001",NA,NA
"B",16,"2021-10-04","c177","h001",NA,NA
"B",17,"2021-10-04","c177","h001",NA,NA
"B",17,"2021-10-04","c310","h001",NA,NA
"B",18,"2021-10-04","c310","h001",NA,NA
"B",19,"2021-10-04","c310","h001",NA,NA
"B",20,"2021-10-04","c310","h001",NA,NA
"B",21,"2021-10-04","c310","h001",NA,NA
"B",21,"2021-10-04","c260","h001",NA,NA
"B",22,"2021-10-04","c260","h001",NA,NA
"B",23,"2021-10-04","c260","h001",NA,NA
"B",24,"2021-10-04","c260","h001",NA,NA
"B",25,"2021-10-04","c260","h001",NA,NA
"B",25,"2021-10-04","c172","h001",NA,NA
"B",26,"2021-10-04","c172","h001",NA,NA
"B",27,"2021-10-04","c172","h001",NA,NA
"B",28,"2021-10-04","c172","h001",NA,NA
"B",28,"2021-10-04","c438","h001",NA,NA
"B",29,"2021-10-04","c438","h001",NA,NA
"B",30,"2021-10-04","c438","h001",NA,NA
"B",31,"2021-10-04","c438","h001",NA,NA
"B",32,"2021-10-04","c438","h001",NA,NA
"B",33,"2021-10-04","c438","h001",NA,NA
"B",33,"2021-10-04","c117","h001",NA,NA
"B",34,"2021-10-04","c117","h001",NA,NA
"B",35,"2021-10-04","c117","h001",NA,NA
"B",36,"2021-10-04","c117","h001",NA,NA
"B",37,"2021-10-04","c117","h001",NA,NA
"B",38,"2021-10-04","c117","h001",NA,NA
"B",38,"2021-10-04","c071","h001",NA,NA
"B",39,"2021-10-04","c071","h001",NA,NA
"B",40,"2021-10-04","c071","h001",NA,NA
"B",41,"2021-10-04","c071","h001",NA,NA
"B",42,"2021-10-04","c071","h001",NA,NA
"B",43,"2021-10-04","c071","h001",NA,NA
"B",43,"2021-10-04","c359","h001",NA,NA
"B",44,"2021-10-04","c359","h001",NA,NA
"B",45,"2021-10-04","c359","h001",NA,NA
"B",46,"2021-10-04","c359","h001",NA,NA
"B",47,"2021-10-04","c359","h001",NA,NA
"B",0,"2021-10-04","c283","h001",NA,NA
"B",1,"2021-10-04","c283","h001",NA,NA
"B",2,"2021-10-04","c283","h001",NA,NA
"B",3,"2021-10-04","c283","h001",NA,NA
"B",3,"2021-10-04","c077","h001",NA,NA
"B",4,"2021-10-04","c077","h001",NA,NA
"B",5,"2021-10-04","c077","h001",NA,NA
"B",6,"2021-10-04","c077","h001",NA,NA
"B",7,"2021-10-04","c077","h001",NA,NA
"B",8,"2021-10-04","c077","h001",NA,NA
"B",8,"2021-10-04","c233","h001",NA,NA
"B",9,"2021-10-04","c233","h001",NA,NA
"B",10,"2021-10-04","c233","h001",NA,NA
"B",11,"2021-10-04","c233","h001",NA,NA
"B",12,"2021-10-04","c233","h001",NA,NA
"B",13,"2021-10-04","c233","h001",NA,NA
"B",13,"2021-10-04","c495","h001",NA,NA
"B",14,"2021-10-04","c495","h001",NA,NA
"B",15,"2021-10-04","c495","h001",NA,NA
"B",16,"2021-10-04","c495","h001",NA,NA
"B",17,"2021-10-04","c495","h001",NA,NA
"B",17,"2021-10-04","c063","h001",NA,NA
"B",18,"2021-10-04","c063","h001",NA,NA
"B",19,"2021-10-04","c063","h001",NA,NA
"B",19,"2021-10-04","c258","h001",NA,NA
"B",20,"2021-10-04","c258","h001",NA,NA
"B",21,"2021-10-04","c258","h001",NA,NA
"B",22,"2021-10-04","c258","h001",NA,NA
"B",23,"2021-10-04","c258","h001",NA,NA
"B",23,"2021-10-04","c265","h001",NA,NA
"B",24,"2021-10-04","c265","h001",NA,NA
"B",25,"2021-10-04","c265","h001",NA,NA
"B",26,"2021-10-04","c265","h001",NA,NA
"B",27,"2021-10-04","c265","h001",NA,NA
"B",27,"2021-10-04","c292","h001",NA,NA
"B",28,"2021-10-04","c292","h001",NA,NA
"B",29,"2021-10-04","c292","h001",NA,NA
"B",30,"2021-10-04","c292","h001",NA,NA
"B",31,"2021-10-04","c292","h001",NA,NA
"B",32,"2021-10-04","c292","h001",NA,NA
"B",32,"2021-10-04","c418","h001",NA,NA
"B",33,"2021-10-04","c418","h001",NA,NA
"B",34,"2021-10-04","c418","h001",NA,NA
"B",35,"2021-10-04","c418","h001",NA,NA
"B",35,"2021-10-04","c052","h001",NA,NA
"B",36,"2021-10-04","c052","h001",NA,NA
"B",37,"2021-10-04","c052","h001",NA,NA
"B",38,"2021-10-04","c052","h001",NA,NA
"B",39,"2021-10-04","c052","h001",NA,NA
"B",40,"2021-10-04","c052","h001",NA,NA
"B",40,"2021-10-04","c463","h001",NA,NA
"B",41,"2021-10-04","c463","h001",NA,NA
"B",42,"2021-10-04","c463","h001",NA,NA
"B",43,"2021-10-04","c463","h001",NA,NA
"B",0,"2021-10-04","c251","h001",NA,NA
"B",1,"2021-10-04","c251","h001",NA,NA
"B",2,"2021-10-04","c251","h001",NA,NA
"B",3,"2021-10-04","c251","h001",NA,NA
"B",3,"2021-10-04","c422","h001",NA,NA
"B",4,"2021-10-04","c422","h001",NA,NA
"B",5,"2021-10-04","c422","h001",NA,NA
"B",5,"2021-10-04","c110","h001",NA,NA
"B",6,"2021-10-04","c110","h001",NA,NA
"B",7,"2021-10-04","c110","h001",NA,NA
"B",8,"2021-10-04","c110","h001",NA,NA
"B",9,"2021-10-04","c110","h001",NA,NA
"B",9,"2021-10-04","c295","h001",NA,NA
"B",10,"2021-10-04","c295","h001",NA,NA
"B",11,"2021-10-04","c295","h001",NA,NA
"B",12,"2021-10-04","c295","h001",NA,NA
"B",12,"2021-10-04","c064","h001",NA,NA
"B",13,"2021-10-04","c064","h001",NA,NA
"B",14,"2021-10-04","c064","h001",NA,NA
"B",15,"2021-10-04","c064","h001",NA,NA
"B",16,"2021-10-04","c064","h001",NA,NA
"B",16,"2021-10-04","c147","h001",NA,NA
"B",17,"2021-10-04","c147","h001",NA,NA
"B",18,"2021-10-04","c147","h001",NA,NA
"B",18,"2021-10-04","c107","h001",NA,NA
"B",19,"2021-10-04","c107","h001",NA,NA
"B",20,"2021-10-04","c107","h001",NA,NA
"B",21,"2021-10-04","c107","h001",NA,NA
"B",22,"2021-10-04","c107","h001",NA,NA
"B",23,"2021-10-04","c107","h001",NA,NA
"B",23,"2021-10-04","c136","h001",NA,NA
"B",24,"2021-10-04","c136","h001",NA,NA
"B",25,"2021-10-04","c136","h001",NA,NA
"B",26,"2021-10-04","c136","h001",NA,NA
"B",27,"2021-10-04","c136","h001",NA,NA
"B",27,"2021-10-04","c267","h001",NA,NA
"B",28,"2021-10-04","c267","h001",NA,NA
"B",29,"2021-10-04","c267","h001",NA,NA
"B",30,"2021-10-04","c267","h001",NA,NA
"B",31,"2021-10-04","c267","h001",NA,NA
"B",32,"2021-10-04","c267","h001",NA,NA
"B",32,"2021-10-04","c291","h001",NA,NA
"B",33,"2021-10-04","c291","h001",NA,NA
"B",34,"2021-10-04","c291","h001",NA,NA
"B",35,"2021-10-04","c291","h001",NA,NA
"B",35,"2021-10-04","c430","h001",NA,NA
"B",36,"2021-10-04","c430","h001",NA,NA
"B",37,"2021-10-04","c430","h001",NA,NA
"B",38,"2021-10-04","c430","h001",NA,NA
"B",38,"2021-10-04","c148","h001",NA,NA
"B",39,"2021-10-04","c148","h001",NA,NA
"B",40,"2021-10-04","c148","h001",NA,NA
"B",40,"2021-10-04","c405","h001",NA,NA
"B",41,"2021-10-04","c405","h001",NA,NA
"B",42,"2021-10-04","c405","h001",NA,NA
"B",42,"2021-10-04","c453","h001",NA,NA
"B",43,"2021-10-04","c453","h001",NA,NA
"B",44,"2021-10-04","c453","h001",NA,NA
"B",44,"2021-10-04","c262","h001",NA,NA
"B",45,"2021-10-04","c262","h001",NA,NA
"B",46,"2021-10-04","c262","h001",NA,NA
"B",47,"2021-10-04","c262","h001",NA,NA
"B",0,"2021-10-04","c040","h001",NA,NA
"B",1,"2021-10-04","c040","h001",NA,NA
"B",2,"2021-10-04","c040","h001",NA,NA
"B",3,"2021-10-04","c040","h001",NA,NA
"B",3,"2021-10-04","c305","h001",NA,NA
"B",4,"2021-10-04","c305","h001",NA,NA
"B",5,"2021-10-04","c305","h001",NA,NA
"B",6,"2021-10-04","c305","h001",NA,NA
"B",6,"2021-10-04","c234","h001",NA,NA
"B",7,"2021-10-04","c234","h001",NA,NA
"B",8,"2021-10-04","c234","h001",NA,NA
"B",9,"2021-10-04","c234","h001",NA,NA
"B",10,"2021-10-04","c234","h001",NA,NA
"B",10,"2021-10-04","c468","h001",NA,NA
"B",11,"2021-10-04","c468","h001",NA,NA
"B",12,"2021-10-04","c468","h001",NA,NA
"B",12,"2021-10-04","c237","h001",NA,NA
"B",13,"2021-10-04","c237","h001",NA,NA
"B",14,"2021-10-04","c237","h001",NA,NA
"B",15,"2021-10-04","c237","h001",NA,NA
"B",15,"2021-10-04","c342","h001",NA,NA
"B",16,"2021-10-04","c342","h001",NA,NA
"B",17,"2021-10-04","c342","h001",NA,NA
"B",18,"2021-10-04","c342","h001",NA,NA
"B",18,"2021-10-04","c011","h001",NA,NA
"B",19,"2021-10-04","c011","h001",NA,NA
"B",20,"2021-10-04","c011","h001",NA,NA
"B",21,"2021-10-04","c011","h001",NA,NA
"B",22,"2021-10-04","c011","h001",NA,NA
"B",23,"2021-10-04","c011","h001",NA,NA
"B",23,"2021-10-04","c473","h001",NA,NA
"B",24,"2021-10-04","c473","h001",NA,NA
"B",25,"2021-10-04","c473","h001",NA,NA
"B",26,"2021-10-04","c473","h001",NA,NA
"B",26,"2021-10-04","c261","h001",NA,NA
"B",27,"2021-10-04","c261","h001",NA,NA
"B",28,"2021-10-04","c261","h001",NA,NA
"B",29,"2021-10-04","c261","h001",NA,NA
"B",29,"2021-10-04","c391","h001",NA,NA
"B",30,"2021-10-04","c391","h001",NA,NA
"B",31,"2021-10-04","c391","h001",NA,NA
"B",32,"2021-10-04","c391","h001",NA,NA
"B",33,"2021-10-04","c391","h001",NA,NA
"B",33,"2021-10-04","c460","h001",NA,NA
"B",34,"2021-10-04","c460","h001",NA,NA
"B",35,"2021-10-04","c460","h001",NA,NA
"B",36,"2021-10-04","c460","h001",NA,NA
"B",37,"2021-10-04","c460","h001",NA,NA
"B",37,"2021-10-04","c185","h001",NA,NA
"B",38,"2021-10-04","c185","h001",NA,NA
"B",39,"2021-10-04","c185","h001",NA,NA
"B",40,"2021-10-04","c185","h001",NA,NA
"B",41,"2021-10-04","c185","h001",NA,NA
"B",41,"2021-10-04","c305","h001",NA,NA
"B",42,"2021-10-04","c305","h001",NA,NA
"B",43,"2021-10-04","c305","h001",NA,NA
"B",43,"2021-10-04","c039","h001",NA,NA
"B",44,"2021-10-04","c039","h001",NA,NA
"B",45,"2021-10-04","c039","h001",NA,NA
"B",46,"2021-10-04","c039","h001",NA,NA
"B",0,"2021-10-04","c285","h001",NA,NA
"B",1,"2021-10-04","c285","h001",NA,NA
"B",2,"2021-10-04","c285","h001",NA,NA
"B",3,"2021-10-04","c285","h001",NA,NA
"B",4,"2021-10-04","c285","h001",NA,NA
"B",5,"2021-10-04","c285","h001",NA,NA
"B",5,"2021-10-04","c198","h001",NA,NA
"B",6,"2021-10-04","c198","h001",NA,NA
"B",7,"2021-10-04","c198","h001",NA,NA
"B",7,"2021-10-04","c227","h001",NA,NA
"B",8,"2021-10-04","c227","h001",NA,NA
"B",9,"2021-10-04","c227","h001",NA,NA
"B",10,"2021-10-04","c227","h001",NA,NA
"B",11,"2021-10-04","c227","h001",NA,NA
"B",11,"2021-10-04","c420","h001",NA,NA
"B",12,"2021-10-04","c420","h001",NA,NA
"B",13,"2021-10-04","c420","h001",NA,NA
"B",14,"2021-10-04","c420","h001",NA,NA
"B",15,"2021-10-04","c420","h001",NA,NA
"B",16,"2021-10-04","c420","h001",NA,NA
"B",0,"2021-10-05","c197","h001",NA,NA
"B",1,"2021-10-05","c197","h001",NA,NA
"B",2,"2021-10-05","c197","h001",NA,NA
"B",3,"2021-10-05","c197","h001",NA,NA
"B",3,"2021-10-05","c103","h001",NA,NA
"B",4,"2021-10-05","c103","h001",NA,NA
"B",5,"2021-10-05","c103","h001",NA,NA
"B",6,"2021-10-05","c103","h001",NA,NA
"B",7,"2021-10-05","c103","h001",NA,NA
"B",7,"2021-10-05","c473","h001",NA,NA
"B",8,"2021-10-05","c473","h001",NA,NA
"B",9,"2021-10-05","c473","h001",NA,NA
"B",10,"2021-10-05","c473","h001",NA,NA
"B",11,"2021-10-05","c473","h001",NA,NA
"B",11,"2021-10-05","c225","h001",NA,NA
"B",12,"2021-10-05","c225","h001",NA,NA
"B",13,"2021-10-05","c225","h001",NA,NA
"B",14,"2021-10-05","c225","h001",NA,NA
"B",14,"2021-10-05","c449","h001",NA,NA
"B",15,"2021-10-05","c449","h001",NA,NA
"B",16,"2021-10-05","c449","h001",NA,NA
"B",16,"2021-10-05","c354","h001",NA,NA
"B",17,"2021-10-05","c354","h001",NA,NA
"B",18,"2021-10-05","c354","h001",NA,NA
"B",19,"2021-10-05","c354","h001",NA,NA
"B",20,"2021-10-05","c354","h001",NA,NA
"B",21,"2021-10-05","c354","h001",NA,NA
"B",21,"2021-10-05","c135","h001",NA,NA
"B",22,"2021-10-05","c135","h001",NA,NA
"B",23,"2021-10-05","c135","h001",NA,NA
"B",24,"2021-10-05","c135","h001",NA,NA
"B",24,"2021-10-05","c214","h001",NA,NA
"B",25,"2021-10-05","c214","h001",NA,NA
"B",26,"2021-10-05","c214","h001",NA,NA
"B",26,"2021-10-05","c477","h001",NA,NA
"B",27,"2021-10-05","c477","h001",NA,NA
"B",28,"2021-10-05","c477","h001",NA,NA
"B",29,"2021-10-05","c477","h001",NA,NA
"B",29,"2021-10-05","c160","h001",NA,NA
"B",30,"2021-10-05","c160","h001",NA,NA
"B",31,"2021-10-05","c160","h001",NA,NA
"B",32,"2021-10-05","c160","h001",NA,NA
"B",32,"2021-10-05","c277","h001",NA,NA
"B",33,"2021-10-05","c277","h001",NA,NA
"B",34,"2021-10-05","c277","h001",NA,NA
"B",35,"2021-10-05","c277","h001",NA,NA
"B",36,"2021-10-05","c277","h001",NA,NA
"B",36,"2021-10-05","c031","h001",NA,NA
"B",37,"2021-10-05","c031","h001",NA,NA
"B",38,"2021-10-05","c031","h001",NA,NA
"B",39,"2021-10-05","c031","h001",NA,NA
"B",39,"2021-10-05","c409","h001",NA,NA
"B",40,"2021-10-05","c409","h001",NA,NA
"B",41,"2021-10-05","c409","h001",NA,NA
"B",41,"2021-10-05","c406","h001",NA,NA
"B",42,"2021-10-05","c406","h001",NA,NA
"B",43,"2021-10-05","c406","h001",NA,NA
"B",44,"2021-10-05","c406","h001",NA,NA
"B",45,"2021-10-05","c406","h001",NA,NA
"B",0,"2021-10-05","c158","h001",NA,NA
"B",1,"2021-10-05","c158","h001",NA,NA
"B",2,"2021-10-05","c158","h001",NA,NA
"B",3,"2021-10-05","c158","h001",NA,NA
"B",3,"2021-10-05","c439","h001",NA,NA
"B",4,"2021-10-05","c439","h001",NA,NA
"B",5,"2021-10-05","c439","h001",NA,NA
"B",6,"2021-10-05","c439","h001",NA,NA
"B",7,"2021-10-05","c439","h001",NA,NA
"B",8,"2021-10-05","c439","h001",NA,NA
"B",8,"2021-10-05","c152","h001",NA,NA
"B",9,"2021-10-05","c152","h001",NA,NA
"B",10,"2021-10-05","c152","h001",NA,NA
"B",11,"2021-10-05","c152","h001",NA,NA
"B",12,"2021-10-05","c152","h001",NA,NA
"B",13,"2021-10-05","c152","h001",NA,NA
"B",13,"2021-10-05","c367","h001",NA,NA
"B",14,"2021-10-05","c367","h001",NA,NA
"B",15,"2021-10-05","c367","h001",NA,NA
"B",15,"2021-10-05","c151","h001",NA,NA
"B",16,"2021-10-05","c151","h001",NA,NA
"B",17,"2021-10-05","c151","h001",NA,NA
"B",18,"2021-10-05","c151","h001",NA,NA
"B",19,"2021-10-05","c151","h001",NA,NA
"B",19,"2021-10-05","c208","h001",NA,NA
"B",20,"2021-10-05","c208","h001",NA,NA
"B",21,"2021-10-05","c208","h001",NA,NA
"B",22,"2021-10-05","c208","h001",NA,NA
"B",23,"2021-10-05","c208","h001",NA,NA
"B",23,"2021-10-05","c245","h001",NA,NA
"B",24,"2021-10-05","c245","h001",NA,NA
"B",25,"2021-10-05","c245","h001",NA,NA
"B",26,"2021-10-05","c245","h001",NA,NA
"B",27,"2021-10-05","c245","h001",NA,NA
"B",27,"2021-10-05","c439","h001",NA,NA
"B",28,"2021-10-05","c439","h001",NA,NA
"B",29,"2021-10-05","c439","h001",NA,NA
"B",29,"2021-10-05","c370","h001",NA,NA
"B",30,"2021-10-05","c370","h001",NA,NA
"B",31,"2021-10-05","c370","h001",NA,NA
"B",31,"2021-10-05","c023","h001",NA,NA
"B",32,"2021-10-05","c023","h001",NA,NA
"B",33,"2021-10-05","c023","h001",NA,NA
"B",33,"2021-10-05","c202","h001",NA,NA
"B",34,"2021-10-05","c202","h001",NA,NA
"B",35,"2021-10-05","c202","h001",NA,NA
"B",36,"2021-10-05","c202","h001",NA,NA
"B",37,"2021-10-05","c202","h001",NA,NA
"B",37,"2021-10-05","c207","h001",NA,NA
"B",38,"2021-10-05","c207","h001",NA,NA
"B",39,"2021-10-05","c207","h001",NA,NA
"B",40,"2021-10-05","c207","h001",NA,NA
"B",41,"2021-10-05","c207","h001",NA,NA
"B",41,"2021-10-05","c136","h001",NA,NA
"B",42,"2021-10-05","c136","h001",NA,NA
"B",43,"2021-10-05","c136","h001",NA,NA
"B",44,"2021-10-05","c136","h001",NA,NA
"B",0,"2021-10-05","c022","h001",NA,NA
"B",1,"2021-10-05","c022","h001",NA,NA
"B",2,"2021-10-05","c022","h001",NA,NA
"B",3,"2021-10-05","c022","h001",NA,NA
"B",3,"2021-10-05","c048","h001",NA,NA
"B",4,"2021-10-05","c048","h001",NA,NA
"B",5,"2021-10-05","c048","h001",NA,NA
"B",6,"2021-10-05","c048","h001",NA,NA
"B",6,"2021-10-05","c274","h001",NA,NA
"B",7,"2021-10-05","c274","h001",NA,NA
"B",8,"2021-10-05","c274","h001",NA,NA
"B",9,"2021-10-05","c274","h001",NA,NA
"B",9,"2021-10-05","c359","h001",NA,NA
"B",10,"2021-10-05","c359","h001",NA,NA
"B",11,"2021-10-05","c359","h001",NA,NA
"B",12,"2021-10-05","c359","h001",NA,NA
"B",13,"2021-10-05","c359","h001",NA,NA
"B",14,"2021-10-05","c359","h001",NA,NA
"B",14,"2021-10-05","c025","h001",NA,NA
"B",15,"2021-10-05","c025","h001",NA,NA
"B",16,"2021-10-05","c025","h001",NA,NA
"B",17,"2021-10-05","c025","h001",NA,NA
"B",17,"2021-10-05","c118","h001",NA,NA
"B",18,"2021-10-05","c118","h001",NA,NA
"B",19,"2021-10-05","c118","h001",NA,NA
"B",20,"2021-10-05","c118","h001",NA,NA
"B",21,"2021-10-05","c118","h001",NA,NA
"B",22,"2021-10-05","c118","h001",NA,NA
"B",22,"2021-10-05","c332","h001",NA,NA
"B",23,"2021-10-05","c332","h001",NA,NA
"B",24,"2021-10-05","c332","h001",NA,NA
"B",25,"2021-10-05","c332","h001",NA,NA
"B",26,"2021-10-05","c332","h001",NA,NA
"B",26,"2021-10-05","c104","h001",NA,NA
"B",27,"2021-10-05","c104","h001",NA,NA
"B",28,"2021-10-05","c104","h001",NA,NA
"B",28,"2021-10-05","c003","h001",NA,NA
"B",29,"2021-10-05","c003","h001",NA,NA
"B",30,"2021-10-05","c003","h001",NA,NA
"B",30,"2021-10-05","c054","h001",NA,NA
"B",31,"2021-10-05","c054","h001",NA,NA
"B",32,"2021-10-05","c054","h001",NA,NA
"B",32,"2021-10-05","c015","h001",NA,NA
"B",33,"2021-10-05","c015","h001",NA,NA
"B",34,"2021-10-05","c015","h001",NA,NA
"B",35,"2021-10-05","c015","h001",NA,NA
"B",36,"2021-10-05","c015","h001",NA,NA
"B",37,"2021-10-05","c015","h001",NA,NA
"B",37,"2021-10-05","c290","h001",NA,NA
"B",38,"2021-10-05","c290","h001",NA,NA
"B",39,"2021-10-05","c290","h001",NA,NA
"B",40,"2021-10-05","c290","h001",NA,NA
"B",40,"2021-10-05","c467","h001",NA,NA
"B",41,"2021-10-05","c467","h001",NA,NA
"B",42,"2021-10-05","c467","h001",NA,NA
"B",43,"2021-10-05","c467","h001",NA,NA
"B",44,"2021-10-05","c467","h001",NA,NA
"B",0,"2021-10-05","c346","h001",NA,NA
"B",1,"2021-10-05","c346","h001",NA,NA
"B",2,"2021-10-05","c346","h001",NA,NA
"B",3,"2021-10-05","c346","h001",NA,NA
"B",4,"2021-10-05","c346","h001",NA,NA
"B",4,"2021-10-05","c079","h001",NA,NA
"B",5,"2021-10-05","c079","h001",NA,NA
"B",6,"2021-10-05","c079","h001",NA,NA
"B",7,"2021-10-05","c079","h001",NA,NA
"B",7,"2021-10-05","c438","h001",NA,NA
"B",8,"2021-10-05","c438","h001",NA,NA
"B",9,"2021-10-05","c438","h001",NA,NA
"B",10,"2021-10-05","c438","h001",NA,NA
"B",11,"2021-10-05","c438","h001",NA,NA
"B",12,"2021-10-05","c438","h001",NA,NA
"B",12,"2021-10-05","c105","h001",NA,NA
"B",13,"2021-10-05","c105","h001",NA,NA
"B",14,"2021-10-05","c105","h001",NA,NA
"B",15,"2021-10-05","c105","h001",NA,NA
"B",15,"2021-10-05","c346","h001",NA,NA
"B",16,"2021-10-05","c346","h001",NA,NA
"B",17,"2021-10-05","c346","h001",NA,NA
"B",17,"2021-10-05","c335","h001",NA,NA
"B",18,"2021-10-05","c335","h001",NA,NA
"B",19,"2021-10-05","c335","h001",NA,NA
"B",20,"2021-10-05","c335","h001",NA,NA
"B",21,"2021-10-05","c335","h001",NA,NA
"B",22,"2021-10-05","c335","h001",NA,NA
"B",22,"2021-10-05","c171","h001",NA,NA
"B",23,"2021-10-05","c171","h001",NA,NA
"B",24,"2021-10-05","c171","h001",NA,NA
"B",25,"2021-10-05","c171","h001",NA,NA
"B",26,"2021-10-05","c171","h001",NA,NA
"B",27,"2021-10-05","c171","h001",NA,NA
"B",27,"2021-10-05","c091","h001",NA,NA
"B",28,"2021-10-05","c091","h001",NA,NA
"B",29,"2021-10-05","c091","h001",NA,NA
"B",29,"2021-10-05","c300","h001",NA,NA
"B",30,"2021-10-05","c300","h001",NA,NA
"B",31,"2021-10-05","c300","h001",NA,NA
"B",32,"2021-10-05","c300","h001",NA,NA
"B",33,"2021-10-05","c300","h001",NA,NA
"B",34,"2021-10-05","c300","h001",NA,NA
"B",34,"2021-10-05","c497","h001",NA,NA
"B",35,"2021-10-05","c497","h001",NA,NA
"B",36,"2021-10-05","c497","h001",NA,NA
"B",36,"2021-10-05","c066","h001",NA,NA
"B",37,"2021-10-05","c066","h001",NA,NA
"B",38,"2021-10-05","c066","h001",NA,NA
"B",39,"2021-10-05","c066","h001",NA,NA
"B",40,"2021-10-05","c066","h001",NA,NA
"B",41,"2021-10-05","c066","h001",NA,NA
"B",41,"2021-10-05","c192","h001",NA,NA
"B",42,"2021-10-05","c192","h001",NA,NA
"B",43,"2021-10-05","c192","h001",NA,NA
"B",44,"2021-10-05","c192","h001",NA,NA
"B",0,"2021-10-06","c146","h001",NA,NA
"B",1,"2021-10-06","c146","h001",NA,NA
"B",2,"2021-10-06","c146","h001",NA,NA
"B",3,"2021-10-06","c146","h001",NA,NA
"B",4,"2021-10-06","c146","h001",NA,NA
"B",4,"2021-10-06","c099","h001",NA,NA
"B",5,"2021-10-06","c099","h001",NA,NA
"B",6,"2021-10-06","c099","h001",NA,NA
"B",7,"2021-10-06","c099","h001",NA,NA
"B",7,"2021-10-06","c440","h001",NA,NA
"B",8,"2021-10-06","c440","h001",NA,NA
"B",9,"2021-10-06","c440","h001",NA,NA
"B",9,"2021-10-06","c458","h001",NA,NA
"B",10,"2021-10-06","c458","h001",NA,NA
"B",11,"2021-10-06","c458","h001",NA,NA
"B",12,"2021-10-06","c458","h001",NA,NA
"B",13,"2021-10-06","c458","h001",NA,NA
"B",13,"2021-10-06","c340","h001",NA,NA
"B",14,"2021-10-06","c340","h001",NA,NA
"B",15,"2021-10-06","c340","h001",NA,NA
"B",15,"2021-10-06","c133","h001",NA,NA
"B",16,"2021-10-06","c133","h001",NA,NA
"B",17,"2021-10-06","c133","h001",NA,NA
"B",18,"2021-10-06","c133","h001",NA,NA
"B",18,"2021-10-06","c320","h001",NA,NA
"B",19,"2021-10-06","c320","h001",NA,NA
"B",20,"2021-10-06","c320","h001",NA,NA
"B",21,"2021-10-06","c320","h001",NA,NA
"B",21,"2021-10-06","c318","h001",NA,NA
"B",22,"2021-10-06","c318","h001",NA,NA
"B",23,"2021-10-06","c318","h001",NA,NA
"B",24,"2021-10-06","c318","h001",NA,NA
"B",25,"2021-10-06","c318","h001",NA,NA
"B",26,"2021-10-06","c318","h001",NA,NA
"B",26,"2021-10-06","c416","h001",NA,NA
"B",27,"2021-10-06","c416","h001",NA,NA
"B",28,"2021-10-06","c416","h001",NA,NA
"B",28,"2021-10-06","c415","h001",NA,NA
"B",29,"2021-10-06","c415","h001",NA,NA
"B",30,"2021-10-06","c415","h001",NA,NA
"B",31,"2021-10-06","c415","h001",NA,NA
"B",31,"2021-10-06","c274","h001",NA,NA
"B",32,"2021-10-06","c274","h001",NA,NA
"B",33,"2021-10-06","c274","h001",NA,NA
"B",34,"2021-10-06","c274","h001",NA,NA
"B",34,"2021-10-06","c272","h001",NA,NA
"B",35,"2021-10-06","c272","h001",NA,NA
"B",36,"2021-10-06","c272","h001",NA,NA
"B",36,"2021-10-06","c496","h001",NA,NA
"B",37,"2021-10-06","c496","h001",NA,NA
"B",38,"2021-10-06","c496","h001",NA,NA
"B",39,"2021-10-06","c496","h001",NA,NA
"B",40,"2021-10-06","c496","h001",NA,NA
"B",41,"2021-10-06","c496","h001",NA,NA
"B",41,"2021-10-06","c223","h001",NA,NA
"B",42,"2021-10-06","c223","h001",NA,NA
"B",43,"2021-10-06","c223","h001",NA,NA
"B",43,"2021-10-06","c343","h001",NA,NA
"B",44,"2021-10-06","c343","h001",NA,NA
"B",45,"2021-10-06","c343","h001",NA,NA
"B",0,"2021-10-06","c319","h001",NA,NA
"B",1,"2021-10-06","c319","h001",NA,NA
"B",2,"2021-10-06","c319","h001",NA,NA
"B",3,"2021-10-06","c319","h001",NA,NA
"B",3,"2021-10-06","c447","h001",NA,NA
"B",4,"2021-10-06","c447","h001",NA,NA
"B",5,"2021-10-06","c447","h001",NA,NA
"B",5,"2021-10-06","c185","h001",NA,NA
"B",6,"2021-10-06","c185","h001",NA,NA
"B",7,"2021-10-06","c185","h001",NA,NA
"B",7,"2021-10-06","c023","h001",NA,NA
"B",8,"2021-10-06","c023","h001",NA,NA
"B",9,"2021-10-06","c023","h001",NA,NA
"B",10,"2021-10-06","c023","h001",NA,NA
"B",11,"2021-10-06","c023","h001",NA,NA
"B",11,"2021-10-06","c141","h001",NA,NA
"B",12,"2021-10-06","c141","h001",NA,NA
"B",13,"2021-10-06","c141","h001",NA,NA
"B",14,"2021-10-06","c141","h001",NA,NA
"B",15,"2021-10-06","c141","h001",NA,NA
"B",16,"2021-10-06","c141","h001",NA,NA
"B",16,"2021-10-06","c472","h001",NA,NA
"B",17,"2021-10-06","c472","h001",NA,NA
"B",18,"2021-10-06","c472","h001",NA,NA
"B",19,"2021-10-06","c472","h001",NA,NA
"B",20,"2021-10-06","c472","h001",NA,NA
"B",20,"2021-10-06","c101","h001",NA,NA
"B",21,"2021-10-06","c101","h001",NA,NA
"B",22,"2021-10-06","c101","h001",NA,NA
"B",22,"2021-10-06","c092","h001",NA,NA
"B",23,"2021-10-06","c092","h001",NA,NA
"B",24,"2021-10-06","c092","h001",NA,NA
"B",25,"2021-10-06","c092","h001",NA,NA
"B",26,"2021-10-06","c092","h001",NA,NA
"B",26,"2021-10-06","c422","h001",NA,NA
"B",27,"2021-10-06","c422","h001",NA,NA
"B",28,"2021-10-06","c422","h001",NA,NA
"B",29,"2021-10-06","c422","h001",NA,NA
"B",29,"2021-10-06","c347","h001",NA,NA
"B",30,"2021-10-06","c347","h001",NA,NA
"B",31,"2021-10-06","c347","h001",NA,NA
"B",32,"2021-10-06","c347","h001",NA,NA
"B",33,"2021-10-06","c347","h001",NA,NA
"B",33,"2021-10-06","c229","h001",NA,NA
"B",34,"2021-10-06","c229","h001",NA,NA
"B",35,"2021-10-06","c229","h001",NA,NA
"B",36,"2021-10-06","c229","h001",NA,NA
"B",37,"2021-10-06","c229","h001",NA,NA
"B",38,"2021-10-06","c229","h001",NA,NA
"B",38,"2021-10-06","c043","h001",NA,NA
"B",39,"2021-10-06","c043","h001",NA,NA
"B",40,"2021-10-06","c043","h001",NA,NA
"B",41,"2021-10-06","c043","h001",NA,NA
"B",42,"2021-10-06","c043","h001",NA,NA
"B",43,"2021-10-06","c043","h001",NA,NA
"B",43,"2021-10-06","c097","h001",NA,NA
"B",44,"2021-10-06","c097","h001",NA,NA
"B",45,"2021-10-06","c097","h001",NA,NA
"B",46,"2021-10-06","c097","h001",NA,NA
"B",0,"2021-10-06","c073","h001",NA,NA
"B",1,"2021-10-06","c073","h001",NA,NA
"B",2,"2021-10-06","c073","h001",NA,NA
"B",3,"2021-10-06","c073","h001",NA,NA
"B",3,"2021-10-06","c134","h001",NA,NA
"B",4,"2021-10-06","c134","h001",NA,NA
"B",5,"2021-10-06","c134","h001",NA,NA
"B",6,"2021-10-06","c134","h001",NA,NA
"B",6,"2021-10-06","c432","h001",NA,NA
"B",7,"2021-10-06","c432","h001",NA,NA
"B",8,"2021-10-06","c432","h001",NA,NA
"B",8,"2021-10-06","c298","h001",NA,NA
"B",9,"2021-10-06","c298","h001",NA,NA
"B",10,"2021-10-06","c298","h001",NA,NA
"B",11,"2021-10-06","c298","h001",NA,NA
"B",12,"2021-10-06","c298","h001",NA,NA
"B",13,"2021-10-06","c298","h001",NA,NA
"B",13,"2021-10-06","c400","h001",NA,NA
"B",14,"2021-10-06","c400","h001",NA,NA
"B",15,"2021-10-06","c400","h001",NA,NA
"B",15,"2021-10-06","c135","h001",NA,NA
"B",16,"2021-10-06","c135","h001",NA,NA
"B",17,"2021-10-06","c135","h001",NA,NA
"B",18,"2021-10-06","c135","h001",NA,NA
"B",19,"2021-10-06","c135","h001",NA,NA
"B",20,"2021-10-06","c135","h001",NA,NA
"B",20,"2021-10-06","c047","h001",NA,NA
"B",21,"2021-10-06","c047","h001",NA,NA
"B",22,"2021-10-06","c047","h001",NA,NA
"B",22,"2021-10-06","c233","h001",NA,NA
"B",23,"2021-10-06","c233","h001",NA,NA
"B",24,"2021-10-06","c233","h001",NA,NA
"B",25,"2021-10-06","c233","h001",NA,NA
"B",26,"2021-10-06","c233","h001",NA,NA
"B",27,"2021-10-06","c233","h001",NA,NA
"B",27,"2021-10-06","c161","h001",NA,NA
"B",28,"2021-10-06","c161","h001",NA,NA
"B",29,"2021-10-06","c161","h001",NA,NA
"B",30,"2021-10-06","c161","h001",NA,NA
"B",31,"2021-10-06","c161","h001",NA,NA
"B",31,"2021-10-06","c126","h001",NA,NA
"B",32,"2021-10-06","c126","h001",NA,NA
"B",33,"2021-10-06","c126","h001",NA,NA
"B",34,"2021-10-06","c126","h001",NA,NA
"B",34,"2021-10-06","c032","h001",NA,NA
"B",35,"2021-10-06","c032","h001",NA,NA
"B",36,"2021-10-06","c032","h001",NA,NA
"B",37,"2021-10-06","c032","h001",NA,NA
"B",38,"2021-10-06","c032","h001",NA,NA
"B",39,"2021-10-06","c032","h001",NA,NA
"B",39,"2021-10-06","c114","h001",NA,NA
"B",40,"2021-10-06","c114","h001",NA,NA
"B",41,"2021-10-06","c114","h001",NA,NA
"B",42,"2021-10-06","c114","h001",NA,NA
"B",43,"2021-10-06","c114","h001",NA,NA
"B",43,"2021-10-06","c158","h001",NA,NA
"B",44,"2021-10-06","c158","h001",NA,NA
"B",45,"2021-10-06","c158","h001",NA,NA
"B",46,"2021-10-06","c158","h001",NA,NA
"B",0,"2021-10-06","c308","h001",NA,NA
"B",1,"2021-10-06","c308","h001",NA,NA
"B",2,"2021-10-06","c308","h001",NA,NA
"B",3,"2021-10-06","c308","h001",NA,NA
"B",3,"2021-10-06","c271","h001",NA,NA
"B",4,"2021-10-06","c271","h001",NA,NA
"B",5,"2021-10-06","c271","h001",NA,NA
"B",6,"2021-10-06","c271","h001",NA,NA
"B",6,"2021-10-06","c348","h001",NA,NA
"B",7,"2021-10-06","c348","h001",NA,NA
"B",8,"2021-10-06","c348","h001",NA,NA
"B",9,"2021-10-06","c348","h001",NA,NA
"B",9,"2021-10-06","c469","h001",NA,NA
"B",10,"2021-10-06","c469","h001",NA,NA
"B",11,"2021-10-06","c469","h001",NA,NA
"B",12,"2021-10-06","c469","h001",NA,NA
"B",13,"2021-10-06","c469","h001",NA,NA
"B",13,"2021-10-06","c070","h001",NA,NA
"B",14,"2021-10-06","c070","h001",NA,NA
"B",15,"2021-10-06","c070","h001",NA,NA
"B",16,"2021-10-06","c070","h001",NA,NA
"B",16,"2021-10-06","c411","h001",NA,NA
"B",17,"2021-10-06","c411","h001",NA,NA
"B",18,"2021-10-06","c411","h001",NA,NA
"B",18,"2021-10-06","c366","h001",NA,NA
"B",19,"2021-10-06","c366","h001",NA,NA
"B",20,"2021-10-06","c366","h001",NA,NA
"B",21,"2021-10-06","c366","h001",NA,NA
"B",22,"2021-10-06","c366","h001",NA,NA
"B",22,"2021-10-06","c408","h001",NA,NA
"B",23,"2021-10-06","c408","h001",NA,NA
"B",24,"2021-10-06","c408","h001",NA,NA
"B",25,"2021-10-06","c408","h001",NA,NA
"B",25,"2021-10-06","c419","h001",NA,NA
"B",26,"2021-10-06","c419","h001",NA,NA
"B",27,"2021-10-06","c419","h001",NA,NA
"B",28,"2021-10-06","c419","h001",NA,NA
"B",29,"2021-10-06","c419","h001",NA,NA
"B",29,"2021-10-06","c184","h001",NA,NA
"B",30,"2021-10-06","c184","h001",NA,NA
"B",31,"2021-10-06","c184","h001",NA,NA
"B",32,"2021-10-06","c184","h001",NA,NA
"B",32,"2021-10-06","c044","h001",NA,NA
"B",33,"2021-10-06","c044","h001",NA,NA
"B",34,"2021-10-06","c044","h001",NA,NA
"B",35,"2021-10-06","c044","h001",NA,NA
"B",35,"2021-10-06","c035","h001",NA,NA
"B",36,"2021-10-06","c035","h001",NA,NA
"B",37,"2021-10-06","c035","h001",NA,NA
"B",37,"2021-10-06","c025","h001",NA,NA
"B",38,"2021-10-06","c025","h001",NA,NA
"B",39,"2021-10-06","c025","h001",NA,NA
"B",40,"2021-10-06","c025","h001",NA,NA
"B",40,"2021-10-06","c428","h001",NA,NA
"B",41,"2021-10-06","c428","h001",NA,NA
"B",42,"2021-10-06","c428","h001",NA,NA
"B",43,"2021-10-06","c428","h001",NA,NA
"B",44,"2021-10-06","c428","h001",NA,NA
"B",0,"2021-10-07","c171","h001",NA,NA
"B",1,"2021-10-07","c171","h001",NA,NA
"B",2,"2021-10-07","c171","h001",NA,NA
"B",3,"2021-10-07","c171","h001",NA,NA
"B",4,"2021-10-07","c171","h001",NA,NA
"B",4,"2021-10-07","c332","h001",NA,NA
"B",5,"2021-10-07","c332","h001",NA,NA
"B",6,"2021-10-07","c332","h001",NA,NA
"B",6,"2021-10-07","c388","h001",NA,NA
"B",7,"2021-10-07","c388","h001",NA,NA
"B",8,"2021-10-07","c388","h001",NA,NA
"B",9,"2021-10-07","c388","h001",NA,NA
"B",9,"2021-10-07","c340","h001",NA,NA
"B",10,"2021-10-07","c340","h001",NA,NA
"B",11,"2021-10-07","c340","h001",NA,NA
"B",11,"2021-10-07","c038","h001",NA,NA
"B",12,"2021-10-07","c038","h001",NA,NA
"B",13,"2021-10-07","c038","h001",NA,NA
"B",13,"2021-10-07","c110","h001",NA,NA
"B",14,"2021-10-07","c110","h001",NA,NA
"B",15,"2021-10-07","c110","h001",NA,NA
"B",16,"2021-10-07","c110","h001",NA,NA
"B",17,"2021-10-07","c110","h001",NA,NA
"B",18,"2021-10-07","c110","h001",NA,NA
"B",18,"2021-10-07","c208","h001",NA,NA
"B",19,"2021-10-07","c208","h001",NA,NA
"B",20,"2021-10-07","c208","h001",NA,NA
"B",20,"2021-10-07","c335","h001",NA,NA
"B",21,"2021-10-07","c335","h001",NA,NA
"B",22,"2021-10-07","c335","h001",NA,NA
"B",23,"2021-10-07","c335","h001",NA,NA
"B",23,"2021-10-07","c205","h001",NA,NA
"B",24,"2021-10-07","c205","h001",NA,NA
"B",25,"2021-10-07","c205","h001",NA,NA
"B",26,"2021-10-07","c205","h001",NA,NA
"B",27,"2021-10-07","c205","h001",NA,NA
"B",28,"2021-10-07","c205","h001",NA,NA
"B",28,"2021-10-07","c316","h001",NA,NA
"B",29,"2021-10-07","c316","h001",NA,NA
"B",30,"2021-10-07","c316","h001",NA,NA
"B",31,"2021-10-07","c316","h001",NA,NA
"B",31,"2021-10-07","c249","h001",NA,NA
"B",32,"2021-10-07","c249","h001",NA,NA
"B",33,"2021-10-07","c249","h001",NA,NA
"B",34,"2021-10-07","c249","h001",NA,NA
"B",35,"2021-10-07","c249","h001",NA,NA
"B",35,"2021-10-07","c480","h001",NA,NA
"B",36,"2021-10-07","c480","h001",NA,NA
"B",37,"2021-10-07","c480","h001",NA,NA
"B",38,"2021-10-07","c480","h001",NA,NA
"B",39,"2021-10-07","c480","h001",NA,NA
"B",40,"2021-10-07","c480","h001",NA,NA
"B",40,"2021-10-07","c340","h001",NA,NA
"B",41,"2021-10-07","c340","h001",NA,NA
"B",42,"2021-10-07","c340","h001",NA,NA
"B",43,"2021-10-07","c340","h001",NA,NA
"B",44,"2021-10-07","c340","h001",NA,NA
"B",45,"2021-10-07","c340","h001",NA,NA
"B",0,"2021-10-07","c172","h001",NA,NA
"B",1,"2021-10-07","c172","h001",NA,NA
"B",2,"2021-10-07","c172","h001",NA,NA
"B",3,"2021-10-07","c172","h001",NA,NA
"B",4,"2021-10-07","c172","h001",NA,NA
"B",5,"2021-10-07","c172","h001",NA,NA
"B",5,"2021-10-07","c488","h001",NA,NA
"B",6,"2021-10-07","c488","h001",NA,NA
"B",7,"2021-10-07","c488","h001",NA,NA
"B",7,"2021-10-07","c288","h001",NA,NA
"B",8,"2021-10-07","c288","h001",NA,NA
"B",9,"2021-10-07","c288","h001",NA,NA
"B",10,"2021-10-07","c288","h001",NA,NA
"B",11,"2021-10-07","c288","h001",NA,NA
"B",11,"2021-10-07","c382","h001",NA,NA
"B",12,"2021-10-07","c382","h001",NA,NA
"B",13,"2021-10-07","c382","h001",NA,NA
"B",13,"2021-10-07","c256","h001",NA,NA
"B",14,"2021-10-07","c256","h001",NA,NA
"B",15,"2021-10-07","c256","h001",NA,NA
"B",16,"2021-10-07","c256","h001",NA,NA
"B",16,"2021-10-07","c423","h001",NA,NA
"B",17,"2021-10-07","c423","h001",NA,NA
"B",18,"2021-10-07","c423","h001",NA,NA
"B",19,"2021-10-07","c423","h001",NA,NA
"B",20,"2021-10-07","c423","h001",NA,NA
"B",20,"2021-10-07","c290","h001",NA,NA
"B",21,"2021-10-07","c290","h001",NA,NA
"B",22,"2021-10-07","c290","h001",NA,NA
"B",23,"2021-10-07","c290","h001",NA,NA
"B",23,"2021-10-07","c036","h001",NA,NA
"B",24,"2021-10-07","c036","h001",NA,NA
"B",25,"2021-10-07","c036","h001",NA,NA
"B",26,"2021-10-07","c036","h001",NA,NA
"B",27,"2021-10-07","c036","h001",NA,NA
"B",27,"2021-10-07","c447","h001",NA,NA
"B",28,"2021-10-07","c447","h001",NA,NA
"B",29,"2021-10-07","c447","h001",NA,NA
"B",30,"2021-10-07","c447","h001",NA,NA
"B",31,"2021-10-07","c447","h001",NA,NA
"B",31,"2021-10-07","c273","h001",NA,NA
"B",32,"2021-10-07","c273","h001",NA,NA
"B",33,"2021-10-07","c273","h001",NA,NA
"B",33,"2021-10-07","c236","h001",NA,NA
"B",34,"2021-10-07","c236","h001",NA,NA
"B",35,"2021-10-07","c236","h001",NA,NA
"B",35,"2021-10-07","c472","h001",NA,NA
"B",36,"2021-10-07","c472","h001",NA,NA
"B",37,"2021-10-07","c472","h001",NA,NA
"B",38,"2021-10-07","c472","h001",NA,NA
"B",38,"2021-10-07","c306","h001",NA,NA
"B",39,"2021-10-07","c306","h001",NA,NA
"B",40,"2021-10-07","c306","h001",NA,NA
"B",41,"2021-10-07","c306","h001",NA,NA
"B",42,"2021-10-07","c306","h001",NA,NA
"B",43,"2021-10-07","c306","h001",NA,NA
"B",43,"2021-10-07","c463","h001",NA,NA
"B",44,"2021-10-07","c463","h001",NA,NA
"B",45,"2021-10-07","c463","h001",NA,NA
"B",46,"2021-10-07","c463","h001",NA,NA
"B",0,"2021-10-07","c341","h001",NA,NA
"B",1,"2021-10-07","c341","h001",NA,NA
"B",2,"2021-10-07","c341","h001",NA,NA
"B",3,"2021-10-07","c341","h001",NA,NA
"B",4,"2021-10-07","c341","h001",NA,NA
"B",5,"2021-10-07","c341","h001",NA,NA
"B",5,"2021-10-07","c342","h001",NA,NA
"B",6,"2021-10-07","c342","h001",NA,NA
"B",7,"2021-10-07","c342","h001",NA,NA
"B",8,"2021-10-07","c342","h001",NA,NA
"B",9,"2021-10-07","c342","h001",NA,NA
"B",10,"2021-10-07","c342","h001",NA,NA
"B",10,"2021-10-07","c365","h001",NA,NA
"B",11,"2021-10-07","c365","h001",NA,NA
"B",12,"2021-10-07","c365","h001",NA,NA
"B",13,"2021-10-07","c365","h001",NA,NA
"B",14,"2021-10-07","c365","h001",NA,NA
"B",14,"2021-10-07","c482","h001",NA,NA
"B",15,"2021-10-07","c482","h001",NA,NA
"B",16,"2021-10-07","c482","h001",NA,NA
"B",17,"2021-10-07","c482","h001",NA,NA
"B",17,"2021-10-07","c367","h001",NA,NA
"B",18,"2021-10-07","c367","h001",NA,NA
"B",19,"2021-10-07","c367","h001",NA,NA
"B",19,"2021-10-07","c455","h001",NA,NA
"B",20,"2021-10-07","c455","h001",NA,NA
"B",21,"2021-10-07","c455","h001",NA,NA
"B",22,"2021-10-07","c455","h001",NA,NA
"B",23,"2021-10-07","c455","h001",NA,NA
"B",24,"2021-10-07","c455","h001",NA,NA
"B",24,"2021-10-07","c289","h001",NA,NA
"B",25,"2021-10-07","c289","h001",NA,NA
"B",26,"2021-10-07","c289","h001",NA,NA
"B",27,"2021-10-07","c289","h001",NA,NA
"B",27,"2021-10-07","c156","h001",NA,NA
"B",28,"2021-10-07","c156","h001",NA,NA
"B",29,"2021-10-07","c156","h001",NA,NA
"B",30,"2021-10-07","c156","h001",NA,NA
"B",31,"2021-10-07","c156","h001",NA,NA
"B",31,"2021-10-07","c223","h001",NA,NA
"B",32,"2021-10-07","c223","h001",NA,NA
"B",33,"2021-10-07","c223","h001",NA,NA
"B",34,"2021-10-07","c223","h001",NA,NA
"B",35,"2021-10-07","c223","h001",NA,NA
"B",35,"2021-10-07","c027","h001",NA,NA
"B",36,"2021-10-07","c027","h001",NA,NA
"B",37,"2021-10-07","c027","h001",NA,NA
"B",38,"2021-10-07","c027","h001",NA,NA
"B",39,"2021-10-07","c027","h001",NA,NA
"B",40,"2021-10-07","c027","h001",NA,NA
"B",40,"2021-10-07","c230","h001",NA,NA
"B",41,"2021-10-07","c230","h001",NA,NA
"B",42,"2021-10-07","c230","h001",NA,NA
"B",42,"2021-10-07","c381","h001",NA,NA
"B",43,"2021-10-07","c381","h001",NA,NA
"B",44,"2021-10-07","c381","h001",NA,NA
"B",45,"2021-10-07","c381","h001",NA,NA
"B",46,"2021-10-07","c381","h001",NA,NA
"B",47,"2021-10-07","c381","h001",NA,NA
"B",0,"2021-10-07","c163","h001",NA,NA
"B",1,"2021-10-07","c163","h001",NA,NA
"B",2,"2021-10-07","c163","h001",NA,NA
"B",3,"2021-10-07","c163","h001",NA,NA
"B",4,"2021-10-07","c163","h001",NA,NA
"B",5,"2021-10-07","c163","h001",NA,NA
"B",5,"2021-10-07","c347","h001",NA,NA
"B",6,"2021-10-07","c347","h001",NA,NA
"B",7,"2021-10-07","c347","h001",NA,NA
"B",7,"2021-10-07","c396","h001",NA,NA
"B",8,"2021-10-07","c396","h001",NA,NA
"B",9,"2021-10-07","c396","h001",NA,NA
"B",10,"2021-10-07","c396","h001",NA,NA
"B",10,"2021-10-07","c353","h001",NA,NA
"B",11,"2021-10-07","c353","h001",NA,NA
"B",12,"2021-10-07","c353","h001",NA,NA
"B",13,"2021-10-07","c353","h001",NA,NA
"B",14,"2021-10-07","c353","h001",NA,NA
"B",14,"2021-10-07","c356","h001",NA,NA
"B",15,"2021-10-07","c356","h001",NA,NA
"B",16,"2021-10-07","c356","h001",NA,NA
"B",17,"2021-10-07","c356","h001",NA,NA
"B",18,"2021-10-07","c356","h001",NA,NA
"B",18,"2021-10-07","c040","h001",NA,NA
"B",19,"2021-10-07","c040","h001",NA,NA
"B",20,"2021-10-07","c040","h001",NA,NA
"B",21,"2021-10-07","c040","h001",NA,NA
"B",21,"2021-10-07","c230","h001",NA,NA
"B",22,"2021-10-07","c230","h001",NA,NA
"B",23,"2021-10-07","c230","h001",NA,NA
"B",23,"2021-10-07","c367","h001",NA,NA
"B",24,"2021-10-07","c367","h001",NA,NA
"B",25,"2021-10-07","c367","h001",NA,NA
"B",26,"2021-10-07","c367","h001",NA,NA
"B",0,"2021-10-08","c470","h001",NA,NA
"B",1,"2021-10-08","c470","h001",NA,NA
"B",2,"2021-10-08","c470","h001",NA,NA
"B",3,"2021-10-08","c470","h001",NA,NA
"B",3,"2021-10-08","c010","h001",NA,NA
"B",4,"2021-10-08","c010","h001",NA,NA
"B",5,"2021-10-08","c010","h001",NA,NA
"B",6,"2021-10-08","c010","h001",NA,NA
"B",7,"2021-10-08","c010","h001",NA,NA
"B",7,"2021-10-08","c361","h001",NA,NA
"B",8,"2021-10-08","c361","h001",NA,NA
"B",9,"2021-10-08","c361","h001",NA,NA
"B",10,"2021-10-08","c361","h001",NA,NA
"B",11,"2021-10-08","c361","h001",NA,NA
"B",12,"2021-10-08","c361","h001",NA,NA
"B",12,"2021-10-08","c489","h001",NA,NA
"B",13,"2021-10-08","c489","h001",NA,NA
"B",14,"2021-10-08","c489","h001",NA,NA
"B",15,"2021-10-08","c489","h001",NA,NA
"B",16,"2021-10-08","c489","h001",NA,NA
"B",17,"2021-10-08","c489","h001",NA,NA
"B",17,"2021-10-08","c063","h001",NA,NA
"B",18,"2021-10-08","c063","h001",NA,NA
"B",19,"2021-10-08","c063","h001",NA,NA
"B",20,"2021-10-08","c063","h001",NA,NA
"B",21,"2021-10-08","c063","h001",NA,NA
"B",21,"2021-10-08","c492","h001",NA,NA
"B",22,"2021-10-08","c492","h001",NA,NA
"B",23,"2021-10-08","c492","h001",NA,NA
"B",23,"2021-10-08","c386","h001",NA,NA
"B",24,"2021-10-08","c386","h001",NA,NA
"B",25,"2021-10-08","c386","h001",NA,NA
"B",25,"2021-10-08","c135","h001",NA,NA
"B",26,"2021-10-08","c135","h001",NA,NA
"B",27,"2021-10-08","c135","h001",NA,NA
"B",28,"2021-10-08","c135","h001",NA,NA
"B",29,"2021-10-08","c135","h001",NA,NA
"B",30,"2021-10-08","c135","h001",NA,NA
"B",30,"2021-10-08","c479","h001",NA,NA
"B",31,"2021-10-08","c479","h001",NA,NA
"B",32,"2021-10-08","c479","h001",NA,NA
"B",33,"2021-10-08","c479","h001",NA,NA
"B",34,"2021-10-08","c479","h001",NA,NA
"B",35,"2021-10-08","c479","h001",NA,NA
"B",35,"2021-10-08","c016","h001",NA,NA
"B",36,"2021-10-08","c016","h001",NA,NA
"B",37,"2021-10-08","c016","h001",NA,NA
"B",38,"2021-10-08","c016","h001",NA,NA
"B",39,"2021-10-08","c016","h001",NA,NA
"B",40,"2021-10-08","c016","h001",NA,NA
"B",40,"2021-10-08","c121","h001",NA,NA
"B",41,"2021-10-08","c121","h001",NA,NA
"B",42,"2021-10-08","c121","h001",NA,NA
"B",43,"2021-10-08","c121","h001",NA,NA
"B",44,"2021-10-08","c121","h001",NA,NA
"B",45,"2021-10-08","c121","h001",NA,NA
"B",45,"2021-10-08","c090","h001",NA,NA
"B",46,"2021-10-08","c090","h001",NA,NA
"B",47,"2021-10-08","c090","h001",NA,NA
"B",0,"2021-10-08","c157","h001",NA,NA
"B",1,"2021-10-08","c157","h001",NA,NA
"B",2,"2021-10-08","c157","h001",NA,NA
"B",3,"2021-10-08","c157","h001",NA,NA
"B",3,"2021-10-08","c497","h001",NA,NA
"B",4,"2021-10-08","c497","h001",NA,NA
"B",5,"2021-10-08","c497","h001",NA,NA
"B",6,"2021-10-08","c497","h001",NA,NA
"B",6,"2021-10-08","c128","h001",NA,NA
"B",7,"2021-10-08","c128","h001",NA,NA
"B",8,"2021-10-08","c128","h001",NA,NA
"B",9,"2021-10-08","c128","h001",NA,NA
"B",10,"2021-10-08","c128","h001",NA,NA
"B",10,"2021-10-08","c316","h001",NA,NA
"B",11,"2021-10-08","c316","h001",NA,NA
"B",12,"2021-10-08","c316","h001",NA,NA
"B",12,"2021-10-08","c137","h001",NA,NA
"B",13,"2021-10-08","c137","h001",NA,NA
"B",14,"2021-10-08","c137","h001",NA,NA
"B",15,"2021-10-08","c137","h001",NA,NA
"B",15,"2021-10-08","c233","h001",NA,NA
"B",16,"2021-10-08","c233","h001",NA,NA
"B",17,"2021-10-08","c233","h001",NA,NA
"B",17,"2021-10-08","c087","h001",NA,NA
"B",18,"2021-10-08","c087","h001",NA,NA
"B",19,"2021-10-08","c087","h001",NA,NA
"B",20,"2021-10-08","c087","h001",NA,NA
"B",20,"2021-10-08","c058","h001",NA,NA
"B",21,"2021-10-08","c058","h001",NA,NA
"B",22,"2021-10-08","c058","h001",NA,NA
"B",23,"2021-10-08","c058","h001",NA,NA
"B",24,"2021-10-08","c058","h001",NA,NA
"B",24,"2021-10-08","c063","h001",NA,NA
"B",25,"2021-10-08","c063","h001",NA,NA
"B",26,"2021-10-08","c063","h001",NA,NA
"B",27,"2021-10-08","c063","h001",NA,NA
"B",28,"2021-10-08","c063","h001",NA,NA
"B",29,"2021-10-08","c063","h001",NA,NA
"B",29,"2021-10-08","c058","h001",NA,NA
"B",30,"2021-10-08","c058","h001",NA,NA
"B",31,"2021-10-08","c058","h001",NA,NA
"B",32,"2021-10-08","c058","h001",NA,NA
"B",32,"2021-10-08","c177","h001",NA,NA
"B",33,"2021-10-08","c177","h001",NA,NA
"B",34,"2021-10-08","c177","h001",NA,NA
"B",34,"2021-10-08","c151","h001",NA,NA
"B",35,"2021-10-08","c151","h001",NA,NA
"B",36,"2021-10-08","c151","h001",NA,NA
"B",36,"2021-10-08","c239","h001",NA,NA
"B",37,"2021-10-08","c239","h001",NA,NA
"B",38,"2021-10-08","c239","h001",NA,NA
"B",39,"2021-10-08","c239","h001",NA,NA
"B",40,"2021-10-08","c239","h001",NA,NA
"B",40,"2021-10-08","c241","h001",NA,NA
"B",41,"2021-10-08","c241","h001",NA,NA
"B",42,"2021-10-08","c241","h001",NA,NA
"B",43,"2021-10-08","c241","h001",NA,NA
"B",44,"2021-10-08","c241","h001",NA,NA
"B",45,"2021-10-08","c241","h001",NA,NA
"B",0,"2021-10-08","c088","h001",NA,NA
"B",1,"2021-10-08","c088","h001",NA,NA
"B",2,"2021-10-08","c088","h001",NA,NA
"B",3,"2021-10-08","c088","h001",NA,NA
"B",4,"2021-10-08","c088","h001",NA,NA
"B",4,"2021-10-08","c178","h001",NA,NA
"B",5,"2021-10-08","c178","h001",NA,NA
"B",6,"2021-10-08","c178","h001",NA,NA
"B",7,"2021-10-08","c178","h001",NA,NA
"B",7,"2021-10-08","c344","h001",NA,NA
"B",8,"2021-10-08","c344","h001",NA,NA
"B",9,"2021-10-08","c344","h001",NA,NA
"B",10,"2021-10-08","c344","h001",NA,NA
"B",11,"2021-10-08","c344","h001",NA,NA
"B",11,"2021-10-08","c305","h001",NA,NA
"B",12,"2021-10-08","c305","h001",NA,NA
"B",13,"2021-10-08","c305","h001",NA,NA
"B",14,"2021-10-08","c305","h001",NA,NA
"B",15,"2021-10-08","c305","h001",NA,NA
"B",16,"2021-10-08","c305","h001",NA,NA
"B",16,"2021-10-08","c091","h001",NA,NA
"B",17,"2021-10-08","c091","h001",NA,NA
"B",18,"2021-10-08","c091","h001",NA,NA
"B",18,"2021-10-08","c135","h001",NA,NA
"B",19,"2021-10-08","c135","h001",NA,NA
"B",20,"2021-10-08","c135","h001",NA,NA
"B",21,"2021-10-08","c135","h001",NA,NA
"B",22,"2021-10-08","c135","h001",NA,NA
"B",22,"2021-10-08","c181","h001",NA,NA
"B",23,"2021-10-08","c181","h001",NA,NA
"B",24,"2021-10-08","c181","h001",NA,NA
"B",25,"2021-10-08","c181","h001",NA,NA
"B",26,"2021-10-08","c181","h001",NA,NA
"B",26,"2021-10-08","c479","h001",NA,NA
"B",27,"2021-10-08","c479","h001",NA,NA
"B",28,"2021-10-08","c479","h001",NA,NA
"B",29,"2021-10-08","c479","h001",NA,NA
"B",29,"2021-10-08","c324","h001",NA,NA
"B",30,"2021-10-08","c324","h001",NA,NA
"B",31,"2021-10-08","c324","h001",NA,NA
"B",32,"2021-10-08","c324","h001",NA,NA
"B",33,"2021-10-08","c324","h001",NA,NA
"B",34,"2021-10-08","c324","h001",NA,NA
"B",34,"2021-10-08","c413","h001",NA,NA
"B",35,"2021-10-08","c413","h001",NA,NA
"B",36,"2021-10-08","c413","h001",NA,NA
"B",37,"2021-10-08","c413","h001",NA,NA
"B",38,"2021-10-08","c413","h001",NA,NA
"B",38,"2021-10-08","c321","h001",NA,NA
"B",39,"2021-10-08","c321","h001",NA,NA
"B",40,"2021-10-08","c321","h001",NA,NA
"B",41,"2021-10-08","c321","h001",NA,NA
"B",41,"2021-10-08","c308","h001",NA,NA
"B",42,"2021-10-08","c308","h001",NA,NA
"B",43,"2021-10-08","c308","h001",NA,NA
"B",44,"2021-10-08","c308","h001",NA,NA
"B",45,"2021-10-08","c308","h001",NA,NA
"B",46,"2021-10-08","c308","h001",NA,NA
"B",0,"2021-10-08","c336","h001",NA,NA
"B",1,"2021-10-08","c336","h001",NA,NA
"B",2,"2021-10-08","c336","h001",NA,NA
"B",3,"2021-10-08","c336","h001",NA,NA
"B",4,"2021-10-08","c336","h001",NA,NA
"B",5,"2021-10-08","c336","h001",NA,NA
"B",5,"2021-10-08","c174","h001",NA,NA
"B",6,"2021-10-08","c174","h001",NA,NA
"B",7,"2021-10-08","c174","h001",NA,NA
"B",8,"2021-10-08","c174","h001",NA,NA
"B",8,"2021-10-08","c345","h001",NA,NA
"B",9,"2021-10-08","c345","h001",NA,NA
"B",10,"2021-10-08","c345","h001",NA,NA
"B",11,"2021-10-08","c345","h001",NA,NA
"B",11,"2021-10-08","c021","h001",NA,NA
"B",12,"2021-10-08","c021","h001",NA,NA
"B",13,"2021-10-08","c021","h001",NA,NA
"B",14,"2021-10-08","c021","h001",NA,NA
"B",15,"2021-10-08","c021","h001",NA,NA
"B",15,"2021-10-08","c389","h001",NA,NA
"B",16,"2021-10-08","c389","h001",NA,NA
"B",17,"2021-10-08","c389","h001",NA,NA
"B",17,"2021-10-08","c335","h001",NA,NA
"B",18,"2021-10-08","c335","h001",NA,NA
"B",19,"2021-10-08","c335","h001",NA,NA
"B",19,"2021-10-08","c310","h001",NA,NA
"B",20,"2021-10-08","c310","h001",NA,NA
"B",21,"2021-10-08","c310","h001",NA,NA
"B",21,"2021-10-08","c136","h001",NA,NA
"B",22,"2021-10-08","c136","h001",NA,NA
"B",23,"2021-10-08","c136","h001",NA,NA
"B",24,"2021-10-08","c136","h001",NA,NA
"B",25,"2021-10-08","c136","h001",NA,NA
"B",26,"2021-10-08","c136","h001",NA,NA
"B",26,"2021-10-08","c271","h001",NA,NA
"B",27,"2021-10-08","c271","h001",NA,NA
"B",28,"2021-10-08","c271","h001",NA,NA
"B",29,"2021-10-08","c271","h001",NA,NA
"B",30,"2021-10-08","c271","h001",NA,NA
"B",31,"2021-10-08","c271","h001",NA,NA
"B",0,"2021-10-09","c096","h001",NA,NA
"B",1,"2021-10-09","c096","h001",NA,NA
"B",2,"2021-10-09","c096","h001",NA,NA
"B",3,"2021-10-09","c096","h001",NA,NA
"B",4,"2021-10-09","c096","h001",NA,NA
"B",5,"2021-10-09","c096","h001",NA,NA
"B",5,"2021-10-09","c342","h001",NA,NA
"B",6,"2021-10-09","c342","h001",NA,NA
"B",7,"2021-10-09","c342","h001",NA,NA
"B",7,"2021-10-09","c276","h001",NA,NA
"B",8,"2021-10-09","c276","h001",NA,NA
"B",9,"2021-10-09","c276","h001",NA,NA
"B",10,"2021-10-09","c276","h001",NA,NA
"B",10,"2021-10-09","c057","h001",NA,NA
"B",11,"2021-10-09","c057","h001",NA,NA
"B",12,"2021-10-09","c057","h001",NA,NA
"B",13,"2021-10-09","c057","h001",NA,NA
"B",14,"2021-10-09","c057","h001",NA,NA
"B",15,"2021-10-09","c057","h001",NA,NA
"B",15,"2021-10-09","c151","h001",NA,NA
"B",16,"2021-10-09","c151","h001",NA,NA
"B",17,"2021-10-09","c151","h001",NA,NA
"B",17,"2021-10-09","c448","h001",NA,NA
"B",18,"2021-10-09","c448","h001",NA,NA
"B",19,"2021-10-09","c448","h001",NA,NA
"B",20,"2021-10-09","c448","h001",NA,NA
"B",20,"2021-10-09","c403","h001",NA,NA
"B",21,"2021-10-09","c403","h001",NA,NA
"B",22,"2021-10-09","c403","h001",NA,NA
"B",23,"2021-10-09","c403","h001",NA,NA
"B",24,"2021-10-09","c403","h001",NA,NA
"B",25,"2021-10-09","c403","h001",NA,NA
"B",25,"2021-10-09","c321","h001",NA,NA
"B",26,"2021-10-09","c321","h001",NA,NA
"B",27,"2021-10-09","c321","h001",NA,NA
"B",28,"2021-10-09","c321","h001",NA,NA
"B",28,"2021-10-09","c138","h001",NA,NA
"B",29,"2021-10-09","c138","h001",NA,NA
"B",30,"2021-10-09","c138","h001",NA,NA
"B",30,"2021-10-09","c244","h001",NA,NA
"B",31,"2021-10-09","c244","h001",NA,NA
"B",32,"2021-10-09","c244","h001",NA,NA
"B",33,"2021-10-09","c244","h001",NA,NA
"B",34,"2021-10-09","c244","h001",NA,NA
"B",34,"2021-10-09","c192","h001",NA,NA
"B",35,"2021-10-09","c192","h001",NA,NA
"B",36,"2021-10-09","c192","h001",NA,NA
"B",37,"2021-10-09","c192","h001",NA,NA
"B",37,"2021-10-09","c287","h001",NA,NA
"B",38,"2021-10-09","c287","h001",NA,NA
"B",39,"2021-10-09","c287","h001",NA,NA
"B",40,"2021-10-09","c287","h001",NA,NA
"B",41,"2021-10-09","c287","h001",NA,NA
"B",42,"2021-10-09","c287","h001",NA,NA
"B",42,"2021-10-09","c106","h001",NA,NA
"B",43,"2021-10-09","c106","h001",NA,NA
"B",44,"2021-10-09","c106","h001",NA,NA
"B",45,"2021-10-09","c106","h001",NA,NA
"B",46,"2021-10-09","c106","h001",NA,NA
"B",47,"2021-10-09","c106","h001",NA,NA
"B",0,"2021-10-09","c357","h001",NA,NA
"B",1,"2021-10-09","c357","h001",NA,NA
"B",2,"2021-10-09","c357","h001",NA,NA
"B",2,"2021-10-09","c419","h001",NA,NA
"B",3,"2021-10-09","c419","h001",NA,NA
"B",4,"2021-10-09","c419","h001",NA,NA
"B",5,"2021-10-09","c419","h001",NA,NA
"B",5,"2021-10-09","c232","h001",NA,NA
"B",6,"2021-10-09","c232","h001",NA,NA
"B",7,"2021-10-09","c232","h001",NA,NA
"B",8,"2021-10-09","c232","h001",NA,NA
"B",9,"2021-10-09","c232","h001",NA,NA
"B",9,"2021-10-09","c045","h001",NA,NA
"B",10,"2021-10-09","c045","h001",NA,NA
"B",11,"2021-10-09","c045","h001",NA,NA
"B",12,"2021-10-09","c045","h001",NA,NA
"B",13,"2021-10-09","c045","h001",NA,NA
"B",14,"2021-10-09","c045","h001",NA,NA
"B",14,"2021-10-09","c198","h001",NA,NA
"B",15,"2021-10-09","c198","h001",NA,NA
"B",16,"2021-10-09","c198","h001",NA,NA
"B",17,"2021-10-09","c198","h001",NA,NA
"B",17,"2021-10-09","c420","h001",NA,NA
"B",18,"2021-10-09","c420","h001",NA,NA
"B",19,"2021-10-09","c420","h001",NA,NA
"B",20,"2021-10-09","c420","h001",NA,NA
"B",20,"2021-10-09","c290","h001",NA,NA
"B",21,"2021-10-09","c290","h001",NA,NA
"B",22,"2021-10-09","c290","h001",NA,NA
"B",23,"2021-10-09","c290","h001",NA,NA
"B",24,"2021-10-09","c290","h001",NA,NA
"B",24,"2021-10-09","c018","h001",NA,NA
"B",25,"2021-10-09","c018","h001",NA,NA
"B",26,"2021-10-09","c018","h001",NA,NA
"B",27,"2021-10-09","c018","h001",NA,NA
"B",27,"2021-10-09","c496","h001",NA,NA
"B",28,"2021-10-09","c496","h001",NA,NA
"B",29,"2021-10-09","c496","h001",NA,NA
"B",29,"2021-10-09","c198","h001",NA,NA
"B",30,"2021-10-09","c198","h001",NA,NA
"B",31,"2021-10-09","c198","h001",NA,NA
"B",32,"2021-10-09","c198","h001",NA,NA
"B",32,"2021-10-09","c480","h001",NA,NA
"B",33,"2021-10-09","c480","h001",NA,NA
"B",34,"2021-10-09","c480","h001",NA,NA
"B",35,"2021-10-09","c480","h001",NA,NA
"B",36,"2021-10-09","c480","h001",NA,NA
"B",37,"2021-10-09","c480","h001",NA,NA
"B",37,"2021-10-09","c323","h001",NA,NA
"B",38,"2021-10-09","c323","h001",NA,NA
"B",39,"2021-10-09","c323","h001",NA,NA
"B",40,"2021-10-09","c323","h001",NA,NA
"B",41,"2021-10-09","c323","h001",NA,NA
"B",41,"2021-10-09","c170","h001",NA,NA
"B",42,"2021-10-09","c170","h001",NA,NA
"B",43,"2021-10-09","c170","h001",NA,NA
"B",44,"2021-10-09","c170","h001",NA,NA
"B",45,"2021-10-09","c170","h001",NA,NA
"B",0,"2021-10-09","c040","h001",NA,NA
"B",1,"2021-10-09","c040","h001",NA,NA
"B",2,"2021-10-09","c040","h001",NA,NA
"B",3,"2021-10-09","c040","h001",NA,NA
"B",3,"2021-10-09","c001","h001",NA,NA
"B",4,"2021-10-09","c001","h001",NA,NA
"B",5,"2021-10-09","c001","h001",NA,NA
"B",6,"2021-10-09","c001","h001",NA,NA
"B",6,"2021-10-09","c378","h001",NA,NA
"B",7,"2021-10-09","c378","h001",NA,NA
"B",8,"2021-10-09","c378","h001",NA,NA
"B",9,"2021-10-09","c378","h001",NA,NA
"B",10,"2021-10-09","c378","h001",NA,NA
"B",11,"2021-10-09","c378","h001",NA,NA
"B",11,"2021-10-09","c295","h001",NA,NA
"B",12,"2021-10-09","c295","h001",NA,NA
"B",13,"2021-10-09","c295","h001",NA,NA
"B",13,"2021-10-09","c074","h001",NA,NA
"B",14,"2021-10-09","c074","h001",NA,NA
"B",15,"2021-10-09","c074","h001",NA,NA
"B",16,"2021-10-09","c074","h001",NA,NA
"B",17,"2021-10-09","c074","h001",NA,NA
"B",17,"2021-10-09","c173","h001",NA,NA
"B",18,"2021-10-09","c173","h001",NA,NA
"B",19,"2021-10-09","c173","h001",NA,NA
"B",20,"2021-10-09","c173","h001",NA,NA
"B",21,"2021-10-09","c173","h001",NA,NA
"B",21,"2021-10-09","c319","h001",NA,NA
"B",22,"2021-10-09","c319","h001",NA,NA
"B",23,"2021-10-09","c319","h001",NA,NA
"B",23,"2021-10-09","c388","h001",NA,NA
"B",24,"2021-10-09","c388","h001",NA,NA
"B",25,"2021-10-09","c388","h001",NA,NA
"B",26,"2021-10-09","c388","h001",NA,NA
"B",27,"2021-10-09","c388","h001",NA,NA
"B",28,"2021-10-09","c388","h001",NA,NA
"B",28,"2021-10-09","c116","h001",NA,NA
"B",29,"2021-10-09","c116","h001",NA,NA
"B",30,"2021-10-09","c116","h001",NA,NA
"B",30,"2021-10-09","c309","h001",NA,NA
"B",31,"2021-10-09","c309","h001",NA,NA
"B",32,"2021-10-09","c309","h001",NA,NA
"B",33,"2021-10-09","c309","h001",NA,NA
"B",34,"2021-10-09","c309","h001",NA,NA
"B",34,"2021-10-09","c415","h001",NA,NA
"B",35,"2021-10-09","c415","h001",NA,NA
"B",36,"2021-10-09","c415","h001",NA,NA
"B",37,"2021-10-09","c415","h001",NA,NA
"B",38,"2021-10-09","c415","h001",NA,NA
"B",39,"2021-10-09","c415","h001",NA,NA
"B",39,"2021-10-09","c450","h001",NA,NA
"B",40,"2021-10-09","c450","h001",NA,NA
"B",41,"2021-10-09","c450","h001",NA,NA
"B",42,"2021-10-09","c450","h001",NA,NA
"B",43,"2021-10-09","c450","h001",NA,NA
"B",44,"2021-10-09","c450","h001",NA,NA
"B",44,"2021-10-09","c349","h001",NA,NA
"B",45,"2021-10-09","c349","h001",NA,NA
"B",46,"2021-10-09","c349","h001",NA,NA
"B",47,"2021-10-09","c349","h001",NA,NA
"B",0,"2021-10-09","c212","h001",NA,NA
"B",1,"2021-10-09","c212","h001",NA,NA
"B",2,"2021-10-09","c212","h001",NA,NA
"B",3,"2021-10-09","c212","h001",NA,NA
"B",4,"2021-10-09","c212","h001",NA,NA
"B",5,"2021-10-09","c212","h001",NA,NA
"B",5,"2021-10-09","c018","h001",NA,NA
"B",6,"2021-10-09","c018","h001",NA,NA
"B",7,"2021-10-09","c018","h001",NA,NA
"B",8,"2021-10-09","c018","h001",NA,NA
"B",9,"2021-10-09","c018","h001",NA,NA
"B",10,"2021-10-09","c018","h001",NA,NA
"B",10,"2021-10-09","c193","h001",NA,NA
"B",11,"2021-10-09","c193","h001",NA,NA
"B",12,"2021-10-09","c193","h001",NA,NA
"B",13,"2021-10-09","c193","h001",NA,NA
"B",13,"2021-10-09","c121","h001",NA,NA
"B",14,"2021-10-09","c121","h001",NA,NA
"B",15,"2021-10-09","c121","h001",NA,NA
"B",16,"2021-10-09","c121","h001",NA,NA
"B",17,"2021-10-09","c121","h001",NA,NA
"B",18,"2021-10-09","c121","h001",NA,NA
"B",18,"2021-10-09","c073","h001",NA,NA
"B",19,"2021-10-09","c073","h001",NA,NA
"B",20,"2021-10-09","c073","h001",NA,NA
"B",21,"2021-10-09","c073","h001",NA,NA
"B",21,"2021-10-09","c081","h001",NA,NA
"B",22,"2021-10-09","c081","h001",NA,NA
"B",23,"2021-10-09","c081","h001",NA,NA
"B",24,"2021-10-09","c081","h001",NA,NA
"B",24,"2021-10-09","c301","h001",NA,NA
"B",25,"2021-10-09","c301","h001",NA,NA
"B",26,"2021-10-09","c301","h001",NA,NA
"B",27,"2021-10-09","c301","h001",NA,NA
"B",27,"2021-10-09","c123","h001",NA,NA
"B",28,"2021-10-09","c123","h001",NA,NA
"B",29,"2021-10-09","c123","h001",NA,NA
"B",30,"2021-10-09","c123","h001",NA,NA
"B",30,"2021-10-09","c113","h001",NA,NA
"B",31,"2021-10-09","c113","h001",NA,NA
"B",32,"2021-10-09","c113","h001",NA,NA
"B",33,"2021-10-09","c113","h001",NA,NA
"B",33,"2021-10-09","c325","h001",NA,NA
"B",34,"2021-10-09","c325","h001",NA,NA
"B",35,"2021-10-09","c325","h001",NA,NA
"B",36,"2021-10-09","c325","h001",NA,NA
"B",37,"2021-10-09","c325","h001",NA,NA
"B",37,"2021-10-09","c192","h001",NA,NA
"B",38,"2021-10-09","c192","h001",NA,NA
"B",39,"2021-10-09","c192","h001",NA,NA
"B",40,"2021-10-09","c192","h001",NA,NA
"B",41,"2021-10-09","c192","h001",NA,NA
"B",41,"2021-10-09","c171","h001",NA,NA
"B",42,"2021-10-09","c171","h001",NA,NA
"B",43,"2021-10-09","c171","h001",NA,NA
"B",44,"2021-10-09","c171","h001",NA,NA
"B",45,"2021-10-09","c171","h001",NA,NA
"B",46,"2021-10-09","c171","h001",NA,NA
"B",0,"2021-10-09","c024","h001",NA,NA
"B",1,"2021-10-09","c024","h001",NA,NA
"B",2,"2021-10-09","c024","h001",NA,NA
"B",3,"2021-10-09","c024","h001",NA,NA
"B",4,"2021-10-09","c024","h001",NA,NA
"B",5,"2021-10-09","c024","h001",NA,NA
"B",5,"2021-10-09","c072","h001",NA,NA
"B",6,"2021-10-09","c072","h001",NA,NA
"B",7,"2021-10-09","c072","h001",NA,NA
"B",8,"2021-10-09","c072","h001",NA,NA
"B",9,"2021-10-09","c072","h001",NA,NA
"B",10,"2021-10-09","c072","h001",NA,NA
"B",10,"2021-10-09","c189","h001",NA,NA
"B",11,"2021-10-09","c189","h001",NA,NA
"B",12,"2021-10-09","c189","h001",NA,NA
"B",13,"2021-10-09","c189","h001",NA,NA
"B",13,"2021-10-09","c026","h001",NA,NA
"B",14,"2021-10-09","c026","h001",NA,NA
"B",15,"2021-10-09","c026","h001",NA,NA
"B",16,"2021-10-09","c026","h001",NA,NA
"B",17,"2021-10-09","c026","h001",NA,NA
"B",17,"2021-10-09","c192","h001",NA,NA
"B",18,"2021-10-09","c192","h001",NA,NA
"B",19,"2021-10-09","c192","h001",NA,NA
"B",20,"2021-10-09","c192","h001",NA,NA
"B",21,"2021-10-09","c192","h001",NA,NA
"B",21,"2021-10-09","c480","h001",NA,NA
"B",22,"2021-10-09","c480","h001",NA,NA
"B",23,"2021-10-09","c480","h001",NA,NA
"B",24,"2021-10-09","c480","h001",NA,NA
"B",25,"2021-10-09","c480","h001",NA,NA
"B",26,"2021-10-09","c480","h001",NA,NA
"B",26,"2021-10-09","c176","h001",NA,NA
"B",27,"2021-10-09","c176","h001",NA,NA
"B",28,"2021-10-09","c176","h001",NA,NA
"B",28,"2021-10-09","c281","h001",NA,NA
"B",29,"2021-10-09","c281","h001",NA,NA
"B",30,"2021-10-09","c281","h001",NA,NA
"B",31,"2021-10-09","c281","h001",NA,NA
"B",0,"2021-10-10","c001","h001",NA,NA
"B",1,"2021-10-10","c001","h001",NA,NA
"B",2,"2021-10-10","c001","h001",NA,NA
"B",3,"2021-10-10","c001","h001",NA,NA
"B",4,"2021-10-10","c001","h001",NA,NA
"B",4,"2021-10-10","c170","h001",NA,NA
"B",5,"2021-10-10","c170","h001",NA,NA
"B",6,"2021-10-10","c170","h001",NA,NA
"B",7,"2021-10-10","c170","h001",NA,NA
"B",7,"2021-10-10","c086","h001",NA,NA
"B",8,"2021-10-10","c086","h001",NA,NA
"B",9,"2021-10-10","c086","h001",NA,NA
"B",9,"2021-10-10","c184","h001",NA,NA
"B",10,"2021-10-10","c184","h001",NA,NA
"B",11,"2021-10-10","c184","h001",NA,NA
"B",12,"2021-10-10","c184","h001",NA,NA
"B",13,"2021-10-10","c184","h001",NA,NA
"B",14,"2021-10-10","c184","h001",NA,NA
"B",14,"2021-10-10","c158","h001",NA,NA
"B",15,"2021-10-10","c158","h001",NA,NA
"B",16,"2021-10-10","c158","h001",NA,NA
"B",17,"2021-10-10","c158","h001",NA,NA
"B",18,"2021-10-10","c158","h001",NA,NA
"B",18,"2021-10-10","c345","h001",NA,NA
"B",19,"2021-10-10","c345","h001",NA,NA
"B",20,"2021-10-10","c345","h001",NA,NA
"B",20,"2021-10-10","c300","h001",NA,NA
"B",21,"2021-10-10","c300","h001",NA,NA
"B",22,"2021-10-10","c300","h001",NA,NA
"B",23,"2021-10-10","c300","h001",NA,NA
"B",23,"2021-10-10","c022","h001",NA,NA
"B",24,"2021-10-10","c022","h001",NA,NA
"B",25,"2021-10-10","c022","h001",NA,NA
"B",26,"2021-10-10","c022","h001",NA,NA
"B",27,"2021-10-10","c022","h001",NA,NA
"B",27,"2021-10-10","c475","h001",NA,NA
"B",28,"2021-10-10","c475","h001",NA,NA
"B",29,"2021-10-10","c475","h001",NA,NA
"B",29,"2021-10-10","c200","h001",NA,NA
"B",30,"2021-10-10","c200","h001",NA,NA
"B",31,"2021-10-10","c200","h001",NA,NA
"B",32,"2021-10-10","c200","h001",NA,NA
"B",33,"2021-10-10","c200","h001",NA,NA
"B",33,"2021-10-10","c192","h001",NA,NA
"B",34,"2021-10-10","c192","h001",NA,NA
"B",35,"2021-10-10","c192","h001",NA,NA
"B",36,"2021-10-10","c192","h001",NA,NA
"B",37,"2021-10-10","c192","h001",NA,NA
"B",37,"2021-10-10","c276","h001",NA,NA
"B",38,"2021-10-10","c276","h001",NA,NA
"B",39,"2021-10-10","c276","h001",NA,NA
"B",40,"2021-10-10","c276","h001",NA,NA
"B",41,"2021-10-10","c276","h001",NA,NA
"B",41,"2021-10-10","c014","h001",NA,NA
"B",42,"2021-10-10","c014","h001",NA,NA
"B",43,"2021-10-10","c014","h001",NA,NA
"B",44,"2021-10-10","c014","h001",NA,NA
"B",45,"2021-10-10","c014","h001",NA,NA
"B",46,"2021-10-10","c014","h001",NA,NA
"B",0,"2021-10-10","c362","h001",NA,NA
"B",1,"2021-10-10","c362","h001",NA,NA
"B",2,"2021-10-10","c362","h001",NA,NA
"B",2,"2021-10-10","c085","h001",NA,NA
"B",3,"2021-10-10","c085","h001",NA,NA
"B",4,"2021-10-10","c085","h001",NA,NA
"B",4,"2021-10-10","c147","h001",NA,NA
"B",5,"2021-10-10","c147","h001",NA,NA
"B",6,"2021-10-10","c147","h001",NA,NA
"B",7,"2021-10-10","c147","h001",NA,NA
"B",8,"2021-10-10","c147","h001",NA,NA
"B",8,"2021-10-10","c386","h001",NA,NA
"B",9,"2021-10-10","c386","h001",NA,NA
"B",10,"2021-10-10","c386","h001",NA,NA
"B",11,"2021-10-10","c386","h001",NA,NA
"B",12,"2021-10-10","c386","h001",NA,NA
"B",13,"2021-10-10","c386","h001",NA,NA
"B",13,"2021-10-10","c154","h001",NA,NA
"B",14,"2021-10-10","c154","h001",NA,NA
"B",15,"2021-10-10","c154","h001",NA,NA
"B",16,"2021-10-10","c154","h001",NA,NA
"B",17,"2021-10-10","c154","h001",NA,NA
"B",18,"2021-10-10","c154","h001",NA,NA
"B",18,"2021-10-10","c332","h001",NA,NA
"B",19,"2021-10-10","c332","h001",NA,NA
"B",20,"2021-10-10","c332","h001",NA,NA
"B",21,"2021-10-10","c332","h001",NA,NA
"B",22,"2021-10-10","c332","h001",NA,NA
"B",23,"2021-10-10","c332","h001",NA,NA
"B",23,"2021-10-10","c140","h001",NA,NA
"B",24,"2021-10-10","c140","h001",NA,NA
"B",25,"2021-10-10","c140","h001",NA,NA
"B",25,"2021-10-10","c441","h001",NA,NA
"B",26,"2021-10-10","c441","h001",NA,NA
"B",27,"2021-10-10","c441","h001",NA,NA
"B",28,"2021-10-10","c441","h001",NA,NA
"B",28,"2021-10-10","c398","h001",NA,NA
"B",29,"2021-10-10","c398","h001",NA,NA
"B",30,"2021-10-10","c398","h001",NA,NA
"B",31,"2021-10-10","c398","h001",NA,NA
"B",31,"2021-10-10","c349","h001",NA,NA
"B",32,"2021-10-10","c349","h001",NA,NA
"B",33,"2021-10-10","c349","h001",NA,NA
"B",33,"2021-10-10","c357","h001",NA,NA
"B",34,"2021-10-10","c357","h001",NA,NA
"B",35,"2021-10-10","c357","h001",NA,NA
"B",35,"2021-10-10","c497","h001",NA,NA
"B",36,"2021-10-10","c497","h001",NA,NA
"B",37,"2021-10-10","c497","h001",NA,NA
"B",38,"2021-10-10","c497","h001",NA,NA
"B",38,"2021-10-10","c428","h001",NA,NA
"B",39,"2021-10-10","c428","h001",NA,NA
"B",40,"2021-10-10","c428","h001",NA,NA
"B",41,"2021-10-10","c428","h001",NA,NA
"B",41,"2021-10-10","c098","h001",NA,NA
"B",42,"2021-10-10","c098","h001",NA,NA
"B",43,"2021-10-10","c098","h001",NA,NA
"B",44,"2021-10-10","c098","h001",NA,NA
"B",45,"2021-10-10","c098","h001",NA,NA
"B",45,"2021-10-10","c020","h001",NA,NA
"B",46,"2021-10-10","c020","h001",NA,NA
"B",47,"2021-10-10","c020","h001",NA,NA
"B",0,"2021-10-10","c149","h001",NA,NA
"B",1,"2021-10-10","c149","h001",NA,NA
"B",2,"2021-10-10","c149","h001",NA,NA
"B",3,"2021-10-10","c149","h001",NA,NA
"B",4,"2021-10-10","c149","h001",NA,NA
"B",5,"2021-10-10","c149","h001",NA,NA
"B",5,"2021-10-10","c212","h001",NA,NA
"B",6,"2021-10-10","c212","h001",NA,NA
"B",7,"2021-10-10","c212","h001",NA,NA
"B",8,"2021-10-10","c212","h001",NA,NA
"B",8,"2021-10-10","c073","h001",NA,NA
"B",9,"2021-10-10","c073","h001",NA,NA
"B",10,"2021-10-10","c073","h001",NA,NA
"B",11,"2021-10-10","c073","h001",NA,NA
"B",12,"2021-10-10","c073","h001",NA,NA
"B",12,"2021-10-10","c163","h001",NA,NA
"B",13,"2021-10-10","c163","h001",NA,NA
"B",14,"2021-10-10","c163","h001",NA,NA
"B",15,"2021-10-10","c163","h001",NA,NA
"B",16,"2021-10-10","c163","h001",NA,NA
"B",16,"2021-10-10","c192","h001",NA,NA
"B",17,"2021-10-10","c192","h001",NA,NA
"B",18,"2021-10-10","c192","h001",NA,NA
"B",19,"2021-10-10","c192","h001",NA,NA
"B",19,"2021-10-10","c384","h001",NA,NA
"B",20,"2021-10-10","c384","h001",NA,NA
"B",21,"2021-10-10","c384","h001",NA,NA
"B",22,"2021-10-10","c384","h001",NA,NA
"B",22,"2021-10-10","c256","h001",NA,NA
"B",23,"2021-10-10","c256","h001",NA,NA
"B",24,"2021-10-10","c256","h001",NA,NA
"B",25,"2021-10-10","c256","h001",NA,NA
"B",26,"2021-10-10","c256","h001",NA,NA
"B",27,"2021-10-10","c256","h001",NA,NA
"B",27,"2021-10-10","c057","h001",NA,NA
"B",28,"2021-10-10","c057","h001",NA,NA
"B",29,"2021-10-10","c057","h001",NA,NA
"B",29,"2021-10-10","c315","h001",NA,NA
"B",30,"2021-10-10","c315","h001",NA,NA
"B",31,"2021-10-10","c315","h001",NA,NA
"B",32,"2021-10-10","c315","h001",NA,NA
"B",33,"2021-10-10","c315","h001",NA,NA
"B",34,"2021-10-10","c315","h001",NA,NA
"B",34,"2021-10-10","c277","h001",NA,NA
"B",35,"2021-10-10","c277","h001",NA,NA
"B",36,"2021-10-10","c277","h001",NA,NA
"B",37,"2021-10-10","c277","h001",NA,NA
"B",38,"2021-10-10","c277","h001",NA,NA
"B",38,"2021-10-10","c163","h001",NA,NA
"B",39,"2021-10-10","c163","h001",NA,NA
"B",40,"2021-10-10","c163","h001",NA,NA
"B",41,"2021-10-10","c163","h001",NA,NA
"B",42,"2021-10-10","c163","h001",NA,NA
"B",43,"2021-10-10","c163","h001",NA,NA
"B",43,"2021-10-10","c344","h001",NA,NA
"B",44,"2021-10-10","c344","h001",NA,NA
"B",45,"2021-10-10","c344","h001",NA,NA
"B",46,"2021-10-10","c344","h001",NA,NA
"B",0,"2021-10-10","c035","h001",NA,NA
"B",1,"2021-10-10","c035","h001",NA,NA
"B",2,"2021-10-10","c035","h001",NA,NA
"B",2,"2021-10-10","c045","h001",NA,NA
"B",3,"2021-10-10","c045","h001",NA,NA
"B",4,"2021-10-10","c045","h001",NA,NA
"B",5,"2021-10-10","c045","h001",NA,NA
"B",5,"2021-10-10","c188","h001",NA,NA
"B",6,"2021-10-10","c188","h001",NA,NA
"B",7,"2021-10-10","c188","h001",NA,NA
"B",8,"2021-10-10","c188","h001",NA,NA
"B",9,"2021-10-10","c188","h001",NA,NA
"B",10,"2021-10-10","c188","h001",NA,NA
"B",10,"2021-10-10","c065","h001",NA,NA
"B",11,"2021-10-10","c065","h001",NA,NA
"B",12,"2021-10-10","c065","h001",NA,NA
"B",13,"2021-10-10","c065","h001",NA,NA
"B",13,"2021-10-10","c075","h001",NA,NA
"B",14,"2021-10-10","c075","h001",NA,NA
"B",15,"2021-10-10","c075","h001",NA,NA
"B",16,"2021-10-10","c075","h001",NA,NA
"B",17,"2021-10-10","c075","h001",NA,NA
"B",18,"2021-10-10","c075","h001",NA,NA
"B",18,"2021-10-10","c224","h001",NA,NA
"B",19,"2021-10-10","c224","h001",NA,NA
"B",20,"2021-10-10","c224","h001",NA,NA
"B",21,"2021-10-10","c224","h001",NA,NA
"B",22,"2021-10-10","c224","h001",NA,NA
"B",23,"2021-10-10","c224","h001",NA,NA
"B",23,"2021-10-10","c413","h001",NA,NA
"B",24,"2021-10-10","c413","h001",NA,NA
"B",25,"2021-10-10","c413","h001",NA,NA
"B",26,"2021-10-10","c413","h001",NA,NA
"B",27,"2021-10-10","c413","h001",NA,NA
"B",27,"2021-10-10","c346","h001",NA,NA
"B",28,"2021-10-10","c346","h001",NA,NA
"B",29,"2021-10-10","c346","h001",NA,NA
"B",30,"2021-10-10","c346","h001",NA,NA
"B",30,"2021-10-10","c432","h001",NA,NA
"B",31,"2021-10-10","c432","h001",NA,NA
"B",32,"2021-10-10","c432","h001",NA,NA
"B",33,"2021-10-10","c432","h001",NA,NA
"B",34,"2021-10-10","c432","h001",NA,NA
"B",35,"2021-10-10","c432","h001",NA,NA
"B",35,"2021-10-10","c418","h001",NA,NA
"B",36,"2021-10-10","c418","h001",NA,NA
"B",37,"2021-10-10","c418","h001",NA,NA
"B",38,"2021-10-10","c418","h001",NA,NA
"B",38,"2021-10-10","c140","h001",NA,NA
"B",39,"2021-10-10","c140","h001",NA,NA
"B",40,"2021-10-10","c140","h001",NA,NA
"B",41,"2021-10-10","c140","h001",NA,NA
"B",41,"2021-10-10","c368","h001",NA,NA
"B",42,"2021-10-10","c368","h001",NA,NA
"B",43,"2021-10-10","c368","h001",NA,NA
"B",44,"2021-10-10","c368","h001",NA,NA
"B",0,"2021-10-10","c362","h001",NA,NA
"B",1,"2021-10-10","c362","h001",NA,NA
"B",2,"2021-10-10","c362","h001",NA,NA
"B",3,"2021-10-10","c362","h001",NA,NA
"B",4,"2021-10-10","c362","h001",NA,NA
"B",5,"2021-10-10","c362","h001",NA,NA
"B",5,"2021-10-10","c315","h001",NA,NA
"B",6,"2021-10-10","c315","h001",NA,NA
"B",7,"2021-10-10","c315","h001",NA,NA
"B",8,"2021-10-10","c315","h001",NA,NA
"B",9,"2021-10-10","c315","h001",NA,NA
"B",10,"2021-10-10","c315","h001",NA,NA
"B",10,"2021-10-10","c063","h001",NA,NA
"B",11,"2021-10-10","c063","h001",NA,NA
"B",12,"2021-10-10","c063","h001",NA,NA
"B",12,"2021-10-10","c094","h001",NA,NA
"B",13,"2021-10-10","c094","h001",NA,NA
"B",14,"2021-10-10","c094","h001",NA,NA
"B",15,"2021-10-10","c094","h001",NA,NA
"B",16,"2021-10-10","c094","h001",NA,NA
"B",17,"2021-10-10","c094","h001",NA,NA
"B",17,"2021-10-10","c480","h001",NA,NA
"B",18,"2021-10-10","c480","h001",NA,NA
"B",19,"2021-10-10","c480","h001",NA,NA
"B",20,"2021-10-10","c480","h001",NA,NA
"C",0,"2021-10-01","c305","h001",NA,NA
"C",1,"2021-10-01","c305","h001",NA,NA
"C",2,"2021-10-01","c305","h001",NA,NA
"C",2,"2021-10-01","c192","h001",NA,NA
"C",3,"2021-10-01","c192","h001",NA,NA
"C",4,"2021-10-01","c192","h001",NA,NA
"C",4,"2021-10-01","c170","h001",NA,NA
"C",5,"2021-10-01","c170","h001",NA,NA
"C",6,"2021-10-01","c170","h001",NA,NA
"C",7,"2021-10-01","c170","h001",NA,NA
"C",8,"2021-10-01","c170","h001",NA,NA
"C",8,"2021-10-01","c436","h001",NA,NA
"C",9,"2021-10-01","c436","h001",NA,NA
"C",10,"2021-10-01","c436","h001",NA,NA
"C",11,"2021-10-01","c436","h001",NA,NA
"C",12,"2021-10-01","c436","h001",NA,NA
"C",13,"2021-10-01","c436","h001",NA,NA
"C",13,"2021-10-01","c148","h001",NA,NA
"C",14,"2021-10-01","c148","h001",NA,NA
"C",15,"2021-10-01","c148","h001",NA,NA
"C",15,"2021-10-01","c472","h001",NA,NA
"C",16,"2021-10-01","c472","h001",NA,NA
"C",17,"2021-10-01","c472","h001",NA,NA
"C",18,"2021-10-01","c472","h001",NA,NA
"C",19,"2021-10-01","c472","h001",NA,NA
"C",19,"2021-10-01","c098","h001",NA,NA
"C",20,"2021-10-01","c098","h001",NA,NA
"C",21,"2021-10-01","c098","h001",NA,NA
"C",21,"2021-10-01","c022","h001",NA,NA
"C",22,"2021-10-01","c022","h001",NA,NA
"C",23,"2021-10-01","c022","h001",NA,NA
"C",24,"2021-10-01","c022","h001",NA,NA
"C",25,"2021-10-01","c022","h001",NA,NA
"C",26,"2021-10-01","c022","h001",NA,NA
"C",26,"2021-10-01","c395","h001",NA,NA
"C",27,"2021-10-01","c395","h001",NA,NA
"C",28,"2021-10-01","c395","h001",NA,NA
"C",29,"2021-10-01","c395","h001",NA,NA
"C",33,"2021-10-01","c422","h001",NA,NA
"C",34,"2021-10-01","c422","h001",NA,NA
"C",35,"2021-10-01","c422","h001",NA,NA
"C",36,"2021-10-01","c422","h001",NA,NA
"C",37,"2021-10-01","c422","h001",NA,NA
"C",38,"2021-10-01","c422","h001",NA,NA
"C",41,"2021-10-01","c141","h001",NA,NA
"C",42,"2021-10-01","c141","h001",NA,NA
"C",43,"2021-10-01","c141","h001",NA,NA
"C",44,"2021-10-01","c141","h001",NA,NA
"C",45,"2021-10-01","c141","h001",NA,NA
"C",46,"2021-10-01","c141","h001",NA,NA
"C",0,"2021-10-01","c006","h001",NA,NA
"C",1,"2021-10-01","c006","h001",NA,NA
"C",2,"2021-10-01","c006","h001",NA,NA
"C",3,"2021-10-01","c006","h001",NA,NA
"C",4,"2021-10-01","c006","h001",NA,NA
"C",4,"2021-10-01","c369","h001",NA,NA
"C",5,"2021-10-01","c369","h001",NA,NA
"C",6,"2021-10-01","c369","h001",NA,NA
"C",7,"2021-10-01","c369","h001",NA,NA
"C",8,"2021-10-01","c369","h001",NA,NA
"C",9,"2021-10-01","c369","h001",NA,NA
"C",9,"2021-10-01","c381","h001",NA,NA
"C",10,"2021-10-01","c381","h001",NA,NA
"C",11,"2021-10-01","c381","h001",NA,NA
"C",12,"2021-10-01","c381","h001",NA,NA
"C",13,"2021-10-01","c381","h001",NA,NA
"C",13,"2021-10-01","c344","h001",NA,NA
"C",14,"2021-10-01","c344","h001",NA,NA
"C",15,"2021-10-01","c344","h001",NA,NA
"C",16,"2021-10-01","c344","h001",NA,NA
"C",17,"2021-10-01","c344","h001",NA,NA
"C",17,"2021-10-01","c160","h001",NA,NA
"C",18,"2021-10-01","c160","h001",NA,NA
"C",19,"2021-10-01","c160","h001",NA,NA
"C",20,"2021-10-01","c160","h001",NA,NA
"C",20,"2021-10-01","c164","h001",NA,NA
"C",21,"2021-10-01","c164","h001",NA,NA
"C",22,"2021-10-01","c164","h001",NA,NA
"C",22,"2021-10-01","c071","h001",NA,NA
"C",23,"2021-10-01","c071","h001",NA,NA
"C",24,"2021-10-01","c071","h001",NA,NA
"C",25,"2021-10-01","c071","h001",NA,NA
"C",26,"2021-10-01","c071","h001",NA,NA
"C",27,"2021-10-01","c071","h001",NA,NA
"C",27,"2021-10-01","c211","h001",NA,NA
"C",28,"2021-10-01","c211","h001",NA,NA
"C",29,"2021-10-01","c211","h001",NA,NA
"C",29,"2021-10-01","c049","h001",NA,NA
"C",30,"2021-10-01","c049","h001",NA,NA
"C",31,"2021-10-01","c049","h001",NA,NA
"C",32,"2021-10-01","c049","h001",NA,NA
"C",32,"2021-10-01","c212","h001",NA,NA
"C",33,"2021-10-01","c212","h001",NA,NA
"C",34,"2021-10-01","c212","h001",NA,NA
"C",35,"2021-10-01","c212","h001",NA,NA
"C",36,"2021-10-01","c212","h001",NA,NA
"C",37,"2021-10-01","c212","h001",NA,NA
"C",37,"2021-10-01","c144","h001",NA,NA
"C",38,"2021-10-01","c144","h001",NA,NA
"C",39,"2021-10-01","c144","h001",NA,NA
"C",40,"2021-10-01","c144","h001",NA,NA
"C",41,"2021-10-01","c144","h001",NA,NA
"C",42,"2021-10-01","c144","h001",NA,NA
"C",0,"2021-10-02","c045","h001",NA,NA
"C",1,"2021-10-02","c045","h001",NA,NA
"C",2,"2021-10-02","c045","h001",NA,NA
"C",3,"2021-10-02","c045","h001",NA,NA
"C",4,"2021-10-02","c045","h001",NA,NA
"C",4,"2021-10-02","c081","h001",NA,NA
"C",5,"2021-10-02","c081","h001",NA,NA
"C",6,"2021-10-02","c081","h001",NA,NA
"C",7,"2021-10-02","c081","h001",NA,NA
"C",8,"2021-10-02","c081","h001",NA,NA
"C",9,"2021-10-02","c081","h001",NA,NA
"C",9,"2021-10-02","c180","h001",NA,NA
"C",10,"2021-10-02","c180","h001",NA,NA
"C",11,"2021-10-02","c180","h001",NA,NA
"C",12,"2021-10-02","c180","h001",NA,NA
"C",13,"2021-10-02","c180","h001",NA,NA
"C",14,"2021-10-02","c180","h001",NA,NA
"C",14,"2021-10-02","c365","h001",NA,NA
"C",15,"2021-10-02","c365","h001",NA,NA
"C",16,"2021-10-02","c365","h001",NA,NA
"C",17,"2021-10-02","c365","h001",NA,NA
"C",17,"2021-10-02","c309","h001",NA,NA
"C",18,"2021-10-02","c309","h001",NA,NA
"C",19,"2021-10-02","c309","h001",NA,NA
"C",20,"2021-10-02","c309","h001",NA,NA
"C",21,"2021-10-02","c309","h001",NA,NA
"C",21,"2021-10-02","c126","h001",NA,NA
"C",22,"2021-10-02","c126","h001",NA,NA
"C",23,"2021-10-02","c126","h001",NA,NA
"C",24,"2021-10-02","c126","h001",NA,NA
"C",25,"2021-10-02","c126","h001",NA,NA
"C",26,"2021-10-02","c126","h001",NA,NA
"C",26,"2021-10-02","c151","h001",NA,NA
"C",27,"2021-10-02","c151","h001",NA,NA
"C",28,"2021-10-02","c151","h001",NA,NA
"C",29,"2021-10-02","c151","h001",NA,NA
"C",29,"2021-10-02","c214","h001",NA,NA
"C",30,"2021-10-02","c214","h001",NA,NA
"C",31,"2021-10-02","c214","h001",NA,NA
"C",31,"2021-10-02","c218","h001",NA,NA
"C",32,"2021-10-02","c218","h001",NA,NA
"C",33,"2021-10-02","c218","h001",NA,NA
"C",34,"2021-10-02","c218","h001",NA,NA
"C",35,"2021-10-02","c218","h001",NA,NA
"C",35,"2021-10-02","c367","h001",NA,NA
"C",36,"2021-10-02","c367","h001",NA,NA
"C",37,"2021-10-02","c367","h001",NA,NA
"C",38,"2021-10-02","c367","h001",NA,NA
"C",39,"2021-10-02","c367","h001",NA,NA
"C",40,"2021-10-02","c367","h001",NA,NA
"C",40,"2021-10-02","c192","h001",NA,NA
"C",41,"2021-10-02","c192","h001",NA,NA
"C",42,"2021-10-02","c192","h001",NA,NA
"C",42,"2021-10-02","c418","h001",NA,NA
"C",43,"2021-10-02","c418","h001",NA,NA
"C",44,"2021-10-02","c418","h001",NA,NA
"C",45,"2021-10-02","c418","h001",NA,NA
"C",46,"2021-10-02","c418","h001",NA,NA
"C",47,"2021-10-02","c418","h001",NA,NA
"C",0,"2021-10-02","c348","h001",NA,NA
"C",1,"2021-10-02","c348","h001",NA,NA
"C",2,"2021-10-02","c348","h001",NA,NA
"C",3,"2021-10-02","c348","h001",NA,NA
"C",3,"2021-10-02","c008","h001",NA,NA
"C",4,"2021-10-02","c008","h001",NA,NA
"C",5,"2021-10-02","c008","h001",NA,NA
"C",5,"2021-10-02","c233","h001",NA,NA
"C",6,"2021-10-02","c233","h001",NA,NA
"C",7,"2021-10-02","c233","h001",NA,NA
"C",7,"2021-10-02","c133","h001",NA,NA
"C",8,"2021-10-02","c133","h001",NA,NA
"C",9,"2021-10-02","c133","h001",NA,NA
"C",9,"2021-10-02","c388","h001",NA,NA
"C",10,"2021-10-02","c388","h001",NA,NA
"C",11,"2021-10-02","c388","h001",NA,NA
"C",12,"2021-10-02","c388","h001",NA,NA
"C",13,"2021-10-02","c388","h001",NA,NA
"C",14,"2021-10-02","c388","h001",NA,NA
"C",14,"2021-10-02","c459","h001",NA,NA
"C",15,"2021-10-02","c459","h001",NA,NA
"C",16,"2021-10-02","c459","h001",NA,NA
"C",17,"2021-10-02","c459","h001",NA,NA
"C",18,"2021-10-02","c459","h001",NA,NA
"C",18,"2021-10-02","c231","h001",NA,NA
"C",19,"2021-10-02","c231","h001",NA,NA
"C",20,"2021-10-02","c231","h001",NA,NA
"C",21,"2021-10-02","c231","h001",NA,NA
"C",21,"2021-10-02","c137","h001",NA,NA
"C",22,"2021-10-02","c137","h001",NA,NA
"C",23,"2021-10-02","c137","h001",NA,NA
"C",24,"2021-10-02","c137","h001",NA,NA
"C",25,"2021-10-02","c137","h001",NA,NA
"C",25,"2021-10-02","c207","h001",NA,NA
"C",26,"2021-10-02","c207","h001",NA,NA
"C",27,"2021-10-02","c207","h001",NA,NA
"C",28,"2021-10-02","c207","h001",NA,NA
"C",29,"2021-10-02","c207","h001",NA,NA
"C",29,"2021-10-02","c283","h001",NA,NA
"C",30,"2021-10-02","c283","h001",NA,NA
"C",31,"2021-10-02","c283","h001",NA,NA
"C",32,"2021-10-02","c283","h001",NA,NA
"C",33,"2021-10-02","c283","h001",NA,NA
"C",34,"2021-10-02","c283","h001",NA,NA
"C",0,"2021-10-03","c366","h001",NA,NA
"C",1,"2021-10-03","c366","h001",NA,NA
"C",2,"2021-10-03","c366","h001",NA,NA
"C",3,"2021-10-03","c366","h001",NA,NA
"C",3,"2021-10-03","c422","h001",NA,NA
"C",4,"2021-10-03","c422","h001",NA,NA
"C",5,"2021-10-03","c422","h001",NA,NA
"C",5,"2021-10-03","c113","h001",NA,NA
"C",6,"2021-10-03","c113","h001",NA,NA
"C",7,"2021-10-03","c113","h001",NA,NA
"C",7,"2021-10-03","c145","h001",NA,NA
"C",8,"2021-10-03","c145","h001",NA,NA
"C",9,"2021-10-03","c145","h001",NA,NA
"C",10,"2021-10-03","c145","h001",NA,NA
"C",10,"2021-10-03","c406","h001",NA,NA
"C",11,"2021-10-03","c406","h001",NA,NA
"C",12,"2021-10-03","c406","h001",NA,NA
"C",13,"2021-10-03","c406","h001",NA,NA
"C",14,"2021-10-03","c406","h001",NA,NA
"C",15,"2021-10-03","c406","h001",NA,NA
"C",15,"2021-10-03","c182","h001",NA,NA
"C",16,"2021-10-03","c182","h001",NA,NA
"C",17,"2021-10-03","c182","h001",NA,NA
"C",18,"2021-10-03","c182","h001",NA,NA
"C",19,"2021-10-03","c182","h001",NA,NA
"C",20,"2021-10-03","c182","h001",NA,NA
"C",20,"2021-10-03","c321","h001",NA,NA
"C",21,"2021-10-03","c321","h001",NA,NA
"C",22,"2021-10-03","c321","h001",NA,NA
"C",23,"2021-10-03","c321","h001",NA,NA
"C",24,"2021-10-03","c321","h001",NA,NA
"C",24,"2021-10-03","c105","h001",NA,NA
"C",25,"2021-10-03","c105","h001",NA,NA
"C",26,"2021-10-03","c105","h001",NA,NA
"C",27,"2021-10-03","c105","h001",NA,NA
"C",27,"2021-10-03","c374","h001",NA,NA
"C",28,"2021-10-03","c374","h001",NA,NA
"C",29,"2021-10-03","c374","h001",NA,NA
"C",29,"2021-10-03","c326","h001",NA,NA
"C",30,"2021-10-03","c326","h001",NA,NA
"C",31,"2021-10-03","c326","h001",NA,NA
"C",32,"2021-10-03","c326","h001",NA,NA
"C",33,"2021-10-03","c326","h001",NA,NA
"C",33,"2021-10-03","c317","h001",NA,NA
"C",34,"2021-10-03","c317","h001",NA,NA
"C",35,"2021-10-03","c317","h001",NA,NA
"C",36,"2021-10-03","c317","h001",NA,NA
"C",37,"2021-10-03","c317","h001",NA,NA
"C",37,"2021-10-03","c473","h001",NA,NA
"C",38,"2021-10-03","c473","h001",NA,NA
"C",39,"2021-10-03","c473","h001",NA,NA
"C",40,"2021-10-03","c473","h001",NA,NA
"C",40,"2021-10-03","c276","h001",NA,NA
"C",41,"2021-10-03","c276","h001",NA,NA
"C",42,"2021-10-03","c276","h001",NA,NA
"C",42,"2021-10-03","c271","h001",NA,NA
"C",43,"2021-10-03","c271","h001",NA,NA
"C",44,"2021-10-03","c271","h001",NA,NA
"C",45,"2021-10-03","c271","h001",NA,NA
"C",46,"2021-10-03","c271","h001",NA,NA
"C",0,"2021-10-03","c119","h001",NA,NA
"C",1,"2021-10-03","c119","h001",NA,NA
"C",2,"2021-10-03","c119","h001",NA,NA
"C",3,"2021-10-03","c119","h001",NA,NA
"C",3,"2021-10-03","c131","h001",NA,NA
"C",4,"2021-10-03","c131","h001",NA,NA
"C",5,"2021-10-03","c131","h001",NA,NA
"C",6,"2021-10-03","c131","h001",NA,NA
"C",7,"2021-10-03","c131","h001",NA,NA
"C",8,"2021-10-03","c131","h001",NA,NA
"C",8,"2021-10-03","c209","h001",NA,NA
"C",9,"2021-10-03","c209","h001",NA,NA
"C",10,"2021-10-03","c209","h001",NA,NA
"C",10,"2021-10-03","c313","h001",NA,NA
"C",11,"2021-10-03","c313","h001",NA,NA
"C",12,"2021-10-03","c313","h001",NA,NA
"C",13,"2021-10-03","c313","h001",NA,NA
"C",13,"2021-10-03","c189","h001",NA,NA
"C",14,"2021-10-03","c189","h001",NA,NA
"C",15,"2021-10-03","c189","h001",NA,NA
"C",16,"2021-10-03","c189","h001",NA,NA
"C",17,"2021-10-03","c189","h001",NA,NA
"C",18,"2021-10-03","c189","h001",NA,NA
"C",18,"2021-10-03","c451","h001",NA,NA
"C",19,"2021-10-03","c451","h001",NA,NA
"C",20,"2021-10-03","c451","h001",NA,NA
"C",20,"2021-10-03","c237","h001",NA,NA
"C",21,"2021-10-03","c237","h001",NA,NA
"C",22,"2021-10-03","c237","h001",NA,NA
"C",23,"2021-10-03","c237","h001",NA,NA
"C",23,"2021-10-03","c054","h001",NA,NA
"C",24,"2021-10-03","c054","h001",NA,NA
"C",25,"2021-10-03","c054","h001",NA,NA
"C",26,"2021-10-03","c054","h001",NA,NA
"C",26,"2021-10-03","c416","h001",NA,NA
"C",27,"2021-10-03","c416","h001",NA,NA
"C",28,"2021-10-03","c416","h001",NA,NA
"C",29,"2021-10-03","c416","h001",NA,NA
"C",30,"2021-10-03","c416","h001",NA,NA
"C",31,"2021-10-03","c416","h001",NA,NA
"C",31,"2021-10-03","c022","h001",NA,NA
"C",32,"2021-10-03","c022","h001",NA,NA
"C",33,"2021-10-03","c022","h001",NA,NA
"C",33,"2021-10-03","c071","h001",NA,NA
"C",34,"2021-10-03","c071","h001",NA,NA
"C",35,"2021-10-03","c071","h001",NA,NA
"C",36,"2021-10-03","c071","h001",NA,NA
"C",37,"2021-10-03","c071","h001",NA,NA
"C",37,"2021-10-03","c207","h001",NA,NA
"C",38,"2021-10-03","c207","h001",NA,NA
"C",39,"2021-10-03","c207","h001",NA,NA
"C",40,"2021-10-03","c207","h001",NA,NA
"C",41,"2021-10-03","c207","h001",NA,NA
"C",42,"2021-10-03","c207","h001",NA,NA
"C",0,"2021-10-04","c262","h001",NA,NA
"C",1,"2021-10-04","c262","h001",NA,NA
"C",2,"2021-10-04","c262","h001",NA,NA
"C",2,"2021-10-04","c238","h001",NA,NA
"C",3,"2021-10-04","c238","h001",NA,NA
"C",4,"2021-10-04","c238","h001",NA,NA
"C",5,"2021-10-04","c238","h001",NA,NA
"C",5,"2021-10-04","c240","h001",NA,NA
"C",6,"2021-10-04","c240","h001",NA,NA
"C",7,"2021-10-04","c240","h001",NA,NA
"C",8,"2021-10-04","c240","h001",NA,NA
"C",9,"2021-10-04","c240","h001",NA,NA
"C",9,"2021-10-04","c318","h001",NA,NA
"C",10,"2021-10-04","c318","h001",NA,NA
"C",11,"2021-10-04","c318","h001",NA,NA
"C",12,"2021-10-04","c318","h001",NA,NA
"C",13,"2021-10-04","c318","h001",NA,NA
"C",14,"2021-10-04","c318","h001",NA,NA
"C",14,"2021-10-04","c197","h001",NA,NA
"C",15,"2021-10-04","c197","h001",NA,NA
"C",16,"2021-10-04","c197","h001",NA,NA
"C",17,"2021-10-04","c197","h001",NA,NA
"C",18,"2021-10-04","c197","h001",NA,NA
"C",18,"2021-10-04","c170","h001",NA,NA
"C",19,"2021-10-04","c170","h001",NA,NA
"C",20,"2021-10-04","c170","h001",NA,NA
"C",21,"2021-10-04","c170","h001",NA,NA
"C",21,"2021-10-04","c305","h001",NA,NA
"C",22,"2021-10-04","c305","h001",NA,NA
"C",23,"2021-10-04","c305","h001",NA,NA
"C",24,"2021-10-04","c305","h001",NA,NA
"C",24,"2021-10-04","c295","h001",NA,NA
"C",25,"2021-10-04","c295","h001",NA,NA
"C",26,"2021-10-04","c295","h001",NA,NA
"C",26,"2021-10-04","c237","h001",NA,NA
"C",27,"2021-10-04","c237","h001",NA,NA
"C",28,"2021-10-04","c237","h001",NA,NA
"C",29,"2021-10-04","c237","h001",NA,NA
"C",29,"2021-10-04","c429","h001",NA,NA
"C",30,"2021-10-04","c429","h001",NA,NA
"C",31,"2021-10-04","c429","h001",NA,NA
"C",32,"2021-10-04","c429","h001",NA,NA
"C",33,"2021-10-04","c429","h001",NA,NA
"C",34,"2021-10-04","c429","h001",NA,NA
"C",34,"2021-10-04","c216","h001",NA,NA
"C",35,"2021-10-04","c216","h001",NA,NA
"C",36,"2021-10-04","c216","h001",NA,NA
"C",37,"2021-10-04","c216","h001",NA,NA
"C",38,"2021-10-04","c216","h001",NA,NA
"C",38,"2021-10-04","c414","h001",NA,NA
"C",39,"2021-10-04","c414","h001",NA,NA
"C",40,"2021-10-04","c414","h001",NA,NA
"C",40,"2021-10-04","c291","h001",NA,NA
"C",41,"2021-10-04","c291","h001",NA,NA
"C",42,"2021-10-04","c291","h001",NA,NA
"C",43,"2021-10-04","c291","h001",NA,NA
"C",43,"2021-10-04","c230","h001",NA,NA
"C",44,"2021-10-04","c230","h001",NA,NA
"C",45,"2021-10-04","c230","h001",NA,NA
"C",46,"2021-10-04","c230","h001",NA,NA
"C",0,"2021-10-04","c323","h001",NA,NA
"C",1,"2021-10-04","c323","h001",NA,NA
"C",2,"2021-10-04","c323","h001",NA,NA
"C",3,"2021-10-04","c323","h001",NA,NA
"C",3,"2021-10-04","c418","h001",NA,NA
"C",4,"2021-10-04","c418","h001",NA,NA
"C",5,"2021-10-04","c418","h001",NA,NA
"C",6,"2021-10-04","c418","h001",NA,NA
"C",6,"2021-10-04","c110","h001",NA,NA
"C",7,"2021-10-04","c110","h001",NA,NA
"C",8,"2021-10-04","c110","h001",NA,NA
"C",8,"2021-10-04","c318","h001",NA,NA
"C",9,"2021-10-04","c318","h001",NA,NA
"C",10,"2021-10-04","c318","h001",NA,NA
"C",11,"2021-10-04","c318","h001",NA,NA
"C",12,"2021-10-04","c318","h001",NA,NA
"C",12,"2021-10-04","c307","h001",NA,NA
"C",13,"2021-10-04","c307","h001",NA,NA
"C",14,"2021-10-04","c307","h001",NA,NA
"C",14,"2021-10-04","c488","h001",NA,NA
"C",15,"2021-10-04","c488","h001",NA,NA
"C",16,"2021-10-04","c488","h001",NA,NA
"C",17,"2021-10-04","c488","h001",NA,NA
"C",17,"2021-10-04","c495","h001",NA,NA
"C",18,"2021-10-04","c495","h001",NA,NA
"C",19,"2021-10-04","c495","h001",NA,NA
"C",20,"2021-10-04","c495","h001",NA,NA
"C",21,"2021-10-04","c495","h001",NA,NA
"C",22,"2021-10-04","c495","h001",NA,NA
"C",22,"2021-10-04","c423","h001",NA,NA
"C",23,"2021-10-04","c423","h001",NA,NA
"C",24,"2021-10-04","c423","h001",NA,NA
"C",25,"2021-10-04","c423","h001",NA,NA
"C",26,"2021-10-04","c423","h001",NA,NA
"C",27,"2021-10-04","c423","h001",NA,NA
"C",27,"2021-10-04","c311","h001",NA,NA
"C",28,"2021-10-04","c311","h001",NA,NA
"C",29,"2021-10-04","c311","h001",NA,NA
"C",30,"2021-10-04","c311","h001",NA,NA
"C",30,"2021-10-04","c143","h001",NA,NA
"C",31,"2021-10-04","c143","h001",NA,NA
"C",32,"2021-10-04","c143","h001",NA,NA
"C",33,"2021-10-04","c143","h001",NA,NA
"C",34,"2021-10-04","c143","h001",NA,NA
"C",34,"2021-10-04","c144","h001",NA,NA
"C",35,"2021-10-04","c144","h001",NA,NA
"C",36,"2021-10-04","c144","h001",NA,NA
"C",36,"2021-10-04","c424","h001",NA,NA
"C",37,"2021-10-04","c424","h001",NA,NA
"C",38,"2021-10-04","c424","h001",NA,NA
"C",39,"2021-10-04","c424","h001",NA,NA
"C",40,"2021-10-04","c424","h001",NA,NA
"C",0,"2021-10-05","c391","h001",NA,NA
"C",1,"2021-10-05","c391","h001",NA,NA
"C",2,"2021-10-05","c391","h001",NA,NA
"C",3,"2021-10-05","c391","h001",NA,NA
"C",4,"2021-10-05","c391","h001",NA,NA
"C",4,"2021-10-05","c302","h001",NA,NA
"C",5,"2021-10-05","c302","h001",NA,NA
"C",6,"2021-10-05","c302","h001",NA,NA
"C",7,"2021-10-05","c302","h001",NA,NA
"C",7,"2021-10-05","c450","h001",NA,NA
"C",8,"2021-10-05","c450","h001",NA,NA
"C",9,"2021-10-05","c450","h001",NA,NA
"C",10,"2021-10-05","c450","h001",NA,NA
"C",10,"2021-10-05","c090","h001",NA,NA
"C",11,"2021-10-05","c090","h001",NA,NA
"C",12,"2021-10-05","c090","h001",NA,NA
"C",13,"2021-10-05","c090","h001",NA,NA
"C",14,"2021-10-05","c090","h001",NA,NA
"C",14,"2021-10-05","c160","h001",NA,NA
"C",15,"2021-10-05","c160","h001",NA,NA
"C",16,"2021-10-05","c160","h001",NA,NA
"C",17,"2021-10-05","c160","h001",NA,NA
"C",18,"2021-10-05","c160","h001",NA,NA
"C",19,"2021-10-05","c160","h001",NA,NA
"C",19,"2021-10-05","c237","h001",NA,NA
"C",20,"2021-10-05","c237","h001",NA,NA
"C",21,"2021-10-05","c237","h001",NA,NA
"C",21,"2021-10-05","c396","h001",NA,NA
"C",22,"2021-10-05","c396","h001",NA,NA
"C",23,"2021-10-05","c396","h001",NA,NA
"C",23,"2021-10-05","c152","h001",NA,NA
"C",24,"2021-10-05","c152","h001",NA,NA
"C",25,"2021-10-05","c152","h001",NA,NA
"C",26,"2021-10-05","c152","h001",NA,NA
"C",27,"2021-10-05","c152","h001",NA,NA
"C",28,"2021-10-05","c152","h001",NA,NA
"C",28,"2021-10-05","c105","h001",NA,NA
"C",29,"2021-10-05","c105","h001",NA,NA
"C",30,"2021-10-05","c105","h001",NA,NA
"C",31,"2021-10-05","c105","h001",NA,NA
"C",31,"2021-10-05","c418","h001",NA,NA
"C",32,"2021-10-05","c418","h001",NA,NA
"C",33,"2021-10-05","c418","h001",NA,NA
"C",34,"2021-10-05","c418","h001",NA,NA
"C",35,"2021-10-05","c418","h001",NA,NA
"C",35,"2021-10-05","c449","h001",NA,NA
"C",36,"2021-10-05","c449","h001",NA,NA
"C",37,"2021-10-05","c449","h001",NA,NA
"C",38,"2021-10-05","c449","h001",NA,NA
"C",39,"2021-10-05","c449","h001",NA,NA
"C",40,"2021-10-05","c449","h001",NA,NA
"C",40,"2021-10-05","c034","h001",NA,NA
"C",41,"2021-10-05","c034","h001",NA,NA
"C",42,"2021-10-05","c034","h001",NA,NA
"C",42,"2021-10-05","c318","h001",NA,NA
"C",43,"2021-10-05","c318","h001",NA,NA
"C",44,"2021-10-05","c318","h001",NA,NA
"C",45,"2021-10-05","c318","h001",NA,NA
"C",0,"2021-10-05","c087","h001",NA,NA
"C",1,"2021-10-05","c087","h001",NA,NA
"C",2,"2021-10-05","c087","h001",NA,NA
"C",2,"2021-10-05","c160","h001",NA,NA
"C",3,"2021-10-05","c160","h001",NA,NA
"C",4,"2021-10-05","c160","h001",NA,NA
"C",4,"2021-10-05","c153","h001",NA,NA
"C",5,"2021-10-05","c153","h001",NA,NA
"C",6,"2021-10-05","c153","h001",NA,NA
"C",7,"2021-10-05","c153","h001",NA,NA
"C",8,"2021-10-05","c153","h001",NA,NA
"C",9,"2021-10-05","c153","h001",NA,NA
"C",9,"2021-10-05","c052","h001",NA,NA
"C",10,"2021-10-05","c052","h001",NA,NA
"C",11,"2021-10-05","c052","h001",NA,NA
"C",11,"2021-10-05","c234","h001",NA,NA
"C",12,"2021-10-05","c234","h001",NA,NA
"C",13,"2021-10-05","c234","h001",NA,NA
"C",14,"2021-10-05","c234","h001",NA,NA
"C",14,"2021-10-05","c418","h001",NA,NA
"C",15,"2021-10-05","c418","h001",NA,NA
"C",16,"2021-10-05","c418","h001",NA,NA
"C",17,"2021-10-05","c418","h001",NA,NA
"C",18,"2021-10-05","c418","h001",NA,NA
"C",19,"2021-10-05","c418","h001",NA,NA
"C",19,"2021-10-05","c230","h001",NA,NA
"C",20,"2021-10-05","c230","h001",NA,NA
"C",21,"2021-10-05","c230","h001",NA,NA
"C",22,"2021-10-05","c230","h001",NA,NA
"C",23,"2021-10-05","c230","h001",NA,NA
"C",23,"2021-10-05","c244","h001",NA,NA
"C",24,"2021-10-05","c244","h001",NA,NA
"C",25,"2021-10-05","c244","h001",NA,NA
"C",26,"2021-10-05","c244","h001",NA,NA
"C",27,"2021-10-05","c244","h001",NA,NA
"C",28,"2021-10-05","c244","h001",NA,NA
"C",28,"2021-10-05","c159","h001",NA,NA
"C",29,"2021-10-05","c159","h001",NA,NA
"C",30,"2021-10-05","c159","h001",NA,NA
"C",31,"2021-10-05","c159","h001",NA,NA
"C",32,"2021-10-05","c159","h001",NA,NA
"C",32,"2021-10-05","c212","h001",NA,NA
"C",33,"2021-10-05","c212","h001",NA,NA
"C",34,"2021-10-05","c212","h001",NA,NA
"C",35,"2021-10-05","c212","h001",NA,NA
"C",35,"2021-10-05","c422","h001",NA,NA
"C",36,"2021-10-05","c422","h001",NA,NA
"C",37,"2021-10-05","c422","h001",NA,NA
"C",38,"2021-10-05","c422","h001",NA,NA
"C",38,"2021-10-05","c055","h001",NA,NA
"C",39,"2021-10-05","c055","h001",NA,NA
"C",40,"2021-10-05","c055","h001",NA,NA
"C",41,"2021-10-05","c055","h001",NA,NA
"C",42,"2021-10-05","c055","h001",NA,NA
"C",43,"2021-10-05","c055","h001",NA,NA
"C",43,"2021-10-05","c137","h001",NA,NA
"C",44,"2021-10-05","c137","h001",NA,NA
"C",45,"2021-10-05","c137","h001",NA,NA
"C",46,"2021-10-05","c137","h001",NA,NA
"C",47,"2021-10-05","c137","h001",NA,NA
"C",0,"2021-10-06","c420","h001",NA,NA
"C",1,"2021-10-06","c420","h001",NA,NA
"C",2,"2021-10-06","c420","h001",NA,NA
"C",3,"2021-10-06","c420","h001",NA,NA
"C",3,"2021-10-06","c305","h001",NA,NA
"C",4,"2021-10-06","c305","h001",NA,NA
"C",5,"2021-10-06","c305","h001",NA,NA
"C",6,"2021-10-06","c305","h001",NA,NA
"C",7,"2021-10-06","c305","h001",NA,NA
"C",7,"2021-10-06","c302","h001",NA,NA
"C",8,"2021-10-06","c302","h001",NA,NA
"C",9,"2021-10-06","c302","h001",NA,NA
"C",10,"2021-10-06","c302","h001",NA,NA
"C",11,"2021-10-06","c302","h001",NA,NA
"C",11,"2021-10-06","c175","h001",NA,NA
"C",12,"2021-10-06","c175","h001",NA,NA
"C",13,"2021-10-06","c175","h001",NA,NA
"C",14,"2021-10-06","c175","h001",NA,NA
"C",15,"2021-10-06","c175","h001",NA,NA
"C",16,"2021-10-06","c175","h001",NA,NA
"C",16,"2021-10-06","c114","h001",NA,NA
"C",17,"2021-10-06","c114","h001",NA,NA
"C",18,"2021-10-06","c114","h001",NA,NA
"C",19,"2021-10-06","c114","h001",NA,NA
"C",20,"2021-10-06","c114","h001",NA,NA
"C",21,"2021-10-06","c114","h001",NA,NA
"C",21,"2021-10-06","c140","h001",NA,NA
"C",22,"2021-10-06","c140","h001",NA,NA
"C",23,"2021-10-06","c140","h001",NA,NA
"C",23,"2021-10-06","c086","h001",NA,NA
"C",24,"2021-10-06","c086","h001",NA,NA
"C",25,"2021-10-06","c086","h001",NA,NA
"C",26,"2021-10-06","c086","h001",NA,NA
"C",26,"2021-10-06","c050","h001",NA,NA
"C",27,"2021-10-06","c050","h001",NA,NA
"C",28,"2021-10-06","c050","h001",NA,NA
"C",28,"2021-10-06","c368","h001",NA,NA
"C",29,"2021-10-06","c368","h001",NA,NA
"C",30,"2021-10-06","c368","h001",NA,NA
"C",30,"2021-10-06","c173","h001",NA,NA
"C",31,"2021-10-06","c173","h001",NA,NA
"C",32,"2021-10-06","c173","h001",NA,NA
"C",33,"2021-10-06","c173","h001",NA,NA
"C",34,"2021-10-06","c173","h001",NA,NA
"C",35,"2021-10-06","c173","h001",NA,NA
"C",35,"2021-10-06","c177","h001",NA,NA
"C",36,"2021-10-06","c177","h001",NA,NA
"C",37,"2021-10-06","c177","h001",NA,NA
"C",38,"2021-10-06","c177","h001",NA,NA
"C",39,"2021-10-06","c177","h001",NA,NA
"C",40,"2021-10-06","c177","h001",NA,NA
"C",40,"2021-10-06","c467","h001",NA,NA
"C",41,"2021-10-06","c467","h001",NA,NA
"C",42,"2021-10-06","c467","h001",NA,NA
"C",43,"2021-10-06","c467","h001",NA,NA
"C",44,"2021-10-06","c467","h001",NA,NA
"C",45,"2021-10-06","c467","h001",NA,NA
"C",0,"2021-10-06","c439","h001",NA,NA
"C",1,"2021-10-06","c439","h001",NA,NA
"C",2,"2021-10-06","c439","h001",NA,NA
"C",3,"2021-10-06","c439","h001",NA,NA
"C",3,"2021-10-06","c350","h001",NA,NA
"C",4,"2021-10-06","c350","h001",NA,NA
"C",5,"2021-10-06","c350","h001",NA,NA
"C",6,"2021-10-06","c350","h001",NA,NA
"C",7,"2021-10-06","c350","h001",NA,NA
"C",7,"2021-10-06","c012","h001",NA,NA
"C",8,"2021-10-06","c012","h001",NA,NA
"C",9,"2021-10-06","c012","h001",NA,NA
"C",10,"2021-10-06","c012","h001",NA,NA
"C",11,"2021-10-06","c012","h001",NA,NA
"C",11,"2021-10-06","c073","h001",NA,NA
"C",12,"2021-10-06","c073","h001",NA,NA
"C",13,"2021-10-06","c073","h001",NA,NA
"C",14,"2021-10-06","c073","h001",NA,NA
"C",14,"2021-10-06","c244","h001",NA,NA
"C",15,"2021-10-06","c244","h001",NA,NA
"C",16,"2021-10-06","c244","h001",NA,NA
"C",17,"2021-10-06","c244","h001",NA,NA
"C",17,"2021-10-06","c296","h001",NA,NA
"C",18,"2021-10-06","c296","h001",NA,NA
"C",19,"2021-10-06","c296","h001",NA,NA
"C",20,"2021-10-06","c296","h001",NA,NA
"C",20,"2021-10-06","c433","h001",NA,NA
"C",21,"2021-10-06","c433","h001",NA,NA
"C",22,"2021-10-06","c433","h001",NA,NA
"C",23,"2021-10-06","c433","h001",NA,NA
"C",24,"2021-10-06","c433","h001",NA,NA
"C",24,"2021-10-06","c123","h001",NA,NA
"C",25,"2021-10-06","c123","h001",NA,NA
"C",26,"2021-10-06","c123","h001",NA,NA
"C",26,"2021-10-06","c397","h001",NA,NA
"C",27,"2021-10-06","c397","h001",NA,NA
"C",28,"2021-10-06","c397","h001",NA,NA
"C",29,"2021-10-06","c397","h001",NA,NA
"C",30,"2021-10-06","c397","h001",NA,NA
"C",31,"2021-10-06","c397","h001",NA,NA
"C",0,"2021-10-07","c021","h001",NA,NA
"C",1,"2021-10-07","c021","h001",NA,NA
"C",2,"2021-10-07","c021","h001",NA,NA
"C",3,"2021-10-07","c021","h001",NA,NA
"C",4,"2021-10-07","c021","h001",NA,NA
"C",4,"2021-10-07","c229","h001",NA,NA
"C",5,"2021-10-07","c229","h001",NA,NA
"C",6,"2021-10-07","c229","h001",NA,NA
"C",7,"2021-10-07","c229","h001",NA,NA
"C",8,"2021-10-07","c229","h001",NA,NA
"C",8,"2021-10-07","c310","h001",NA,NA
"C",9,"2021-10-07","c310","h001",NA,NA
"C",10,"2021-10-07","c310","h001",NA,NA
"C",11,"2021-10-07","c310","h001",NA,NA
"C",12,"2021-10-07","c310","h001",NA,NA
"C",13,"2021-10-07","c310","h001",NA,NA
"C",13,"2021-10-07","c310","h001",NA,NA
"C",14,"2021-10-07","c310","h001",NA,NA
"C",15,"2021-10-07","c310","h001",NA,NA
"C",15,"2021-10-07","c238","h001",NA,NA
"C",16,"2021-10-07","c238","h001",NA,NA
"C",17,"2021-10-07","c238","h001",NA,NA
"C",17,"2021-10-07","c313","h001",NA,NA
"C",18,"2021-10-07","c313","h001",NA,NA
"C",19,"2021-10-07","c313","h001",NA,NA
"C",19,"2021-10-07","c057","h001",NA,NA
"C",20,"2021-10-07","c057","h001",NA,NA
"C",21,"2021-10-07","c057","h001",NA,NA
"C",22,"2021-10-07","c057","h001",NA,NA
"C",23,"2021-10-07","c057","h001",NA,NA
"C",23,"2021-10-07","c071","h001",NA,NA
"C",24,"2021-10-07","c071","h001",NA,NA
"C",25,"2021-10-07","c071","h001",NA,NA
"C",25,"2021-10-07","c176","h001",NA,NA
"C",26,"2021-10-07","c176","h001",NA,NA
"C",27,"2021-10-07","c176","h001",NA,NA
"C",27,"2021-10-07","c094","h001",NA,NA
"C",28,"2021-10-07","c094","h001",NA,NA
"C",29,"2021-10-07","c094","h001",NA,NA
"C",29,"2021-10-07","c309","h001",NA,NA
"C",30,"2021-10-07","c309","h001",NA,NA
"C",31,"2021-10-07","c309","h001",NA,NA
"C",31,"2021-10-07","c012","h001",NA,NA
"C",32,"2021-10-07","c012","h001",NA,NA
"C",33,"2021-10-07","c012","h001",NA,NA
"C",34,"2021-10-07","c012","h001",NA,NA
"C",35,"2021-10-07","c012","h001",NA,NA
"C",35,"2021-10-07","c405","h001",NA,NA
"C",36,"2021-10-07","c405","h001",NA,NA
"C",37,"2021-10-07","c405","h001",NA,NA
"C",38,"2021-10-07","c405","h001",NA,NA
"C",38,"2021-10-07","c201","h001",NA,NA
"C",39,"2021-10-07","c201","h001",NA,NA
"C",40,"2021-10-07","c201","h001",NA,NA
"C",41,"2021-10-07","c201","h001",NA,NA
"C",42,"2021-10-07","c201","h001",NA,NA
"C",43,"2021-10-07","c201","h001",NA,NA
"C",0,"2021-10-07","c490","h001",NA,NA
"C",1,"2021-10-07","c490","h001",NA,NA
"C",2,"2021-10-07","c490","h001",NA,NA
"C",3,"2021-10-07","c490","h001",NA,NA
"C",3,"2021-10-07","c185","h001",NA,NA
"C",4,"2021-10-07","c185","h001",NA,NA
"C",5,"2021-10-07","c185","h001",NA,NA
"C",5,"2021-10-07","c391","h001",NA,NA
"C",6,"2021-10-07","c391","h001",NA,NA
"C",7,"2021-10-07","c391","h001",NA,NA
"C",7,"2021-10-07","c472","h001",NA,NA
"C",8,"2021-10-07","c472","h001",NA,NA
"C",9,"2021-10-07","c472","h001",NA,NA
"C",10,"2021-10-07","c472","h001",NA,NA
"C",11,"2021-10-07","c472","h001",NA,NA
"C",11,"2021-10-07","c344","h001",NA,NA
"C",12,"2021-10-07","c344","h001",NA,NA
"C",13,"2021-10-07","c344","h001",NA,NA
"C",14,"2021-10-07","c344","h001",NA,NA
"C",15,"2021-10-07","c344","h001",NA,NA
"C",15,"2021-10-07","c392","h001",NA,NA
"C",16,"2021-10-07","c392","h001",NA,NA
"C",17,"2021-10-07","c392","h001",NA,NA
"C",17,"2021-10-07","c071","h001",NA,NA
"C",18,"2021-10-07","c071","h001",NA,NA
"C",19,"2021-10-07","c071","h001",NA,NA
"C",19,"2021-10-07","c431","h001",NA,NA
"C",20,"2021-10-07","c431","h001",NA,NA
"C",21,"2021-10-07","c431","h001",NA,NA
"C",22,"2021-10-07","c431","h001",NA,NA
"C",22,"2021-10-07","c025","h001",NA,NA
"C",23,"2021-10-07","c025","h001",NA,NA
"C",24,"2021-10-07","c025","h001",NA,NA
"C",25,"2021-10-07","c025","h001",NA,NA
"C",26,"2021-10-07","c025","h001",NA,NA
"C",26,"2021-10-07","c078","h001",NA,NA
"C",27,"2021-10-07","c078","h001",NA,NA
"C",28,"2021-10-07","c078","h001",NA,NA
"C",29,"2021-10-07","c078","h001",NA,NA
"C",30,"2021-10-07","c078","h001",NA,NA
"C",30,"2021-10-07","c264","h001",NA,NA
"C",31,"2021-10-07","c264","h001",NA,NA
"C",32,"2021-10-07","c264","h001",NA,NA
"C",33,"2021-10-07","c264","h001",NA,NA
"C",33,"2021-10-07","c045","h001",NA,NA
"C",34,"2021-10-07","c045","h001",NA,NA
"C",35,"2021-10-07","c045","h001",NA,NA
"C",36,"2021-10-07","c045","h001",NA,NA
"C",37,"2021-10-07","c045","h001",NA,NA
"C",38,"2021-10-07","c045","h001",NA,NA
"C",0,"2021-10-08","c373","h001",NA,NA
"C",1,"2021-10-08","c373","h001",NA,NA
"C",2,"2021-10-08","c373","h001",NA,NA
"C",3,"2021-10-08","c373","h001",NA,NA
"C",3,"2021-10-08","c067","h001",NA,NA
"C",4,"2021-10-08","c067","h001",NA,NA
"C",5,"2021-10-08","c067","h001",NA,NA
"C",6,"2021-10-08","c067","h001",NA,NA
"C",6,"2021-10-08","c323","h001",NA,NA
"C",7,"2021-10-08","c323","h001",NA,NA
"C",8,"2021-10-08","c323","h001",NA,NA
"C",9,"2021-10-08","c323","h001",NA,NA
"C",9,"2021-10-08","c060","h001",NA,NA
"C",10,"2021-10-08","c060","h001",NA,NA
"C",11,"2021-10-08","c060","h001",NA,NA
"C",12,"2021-10-08","c060","h001",NA,NA
"C",12,"2021-10-08","c192","h001",NA,NA
"C",13,"2021-10-08","c192","h001",NA,NA
"C",14,"2021-10-08","c192","h001",NA,NA
"C",14,"2021-10-08","c366","h001",NA,NA
"C",15,"2021-10-08","c366","h001",NA,NA
"C",16,"2021-10-08","c366","h001",NA,NA
"C",17,"2021-10-08","c366","h001",NA,NA
"C",18,"2021-10-08","c366","h001",NA,NA
"C",19,"2021-10-08","c366","h001",NA,NA
"C",19,"2021-10-08","c075","h001",NA,NA
"C",20,"2021-10-08","c075","h001",NA,NA
"C",21,"2021-10-08","c075","h001",NA,NA
"C",22,"2021-10-08","c075","h001",NA,NA
"C",23,"2021-10-08","c075","h001",NA,NA
"C",23,"2021-10-08","c175","h001",NA,NA
"C",24,"2021-10-08","c175","h001",NA,NA
"C",25,"2021-10-08","c175","h001",NA,NA
"C",26,"2021-10-08","c175","h001",NA,NA
"C",27,"2021-10-08","c175","h001",NA,NA
"C",27,"2021-10-08","c007","h001",NA,NA
"C",28,"2021-10-08","c007","h001",NA,NA
"C",29,"2021-10-08","c007","h001",NA,NA
"C",30,"2021-10-08","c007","h001",NA,NA
"C",30,"2021-10-08","c298","h001",NA,NA
"C",31,"2021-10-08","c298","h001",NA,NA
"C",32,"2021-10-08","c298","h001",NA,NA
"C",33,"2021-10-08","c298","h001",NA,NA
"C",33,"2021-10-08","c404","h001",NA,NA
"C",34,"2021-10-08","c404","h001",NA,NA
"C",35,"2021-10-08","c404","h001",NA,NA
"C",36,"2021-10-08","c404","h001",NA,NA
"C",37,"2021-10-08","c404","h001",NA,NA
"C",37,"2021-10-08","c436","h001",NA,NA
"C",38,"2021-10-08","c436","h001",NA,NA
"C",39,"2021-10-08","c436","h001",NA,NA
"C",40,"2021-10-08","c436","h001",NA,NA
"C",41,"2021-10-08","c436","h001",NA,NA
"C",41,"2021-10-08","c173","h001",NA,NA
"C",42,"2021-10-08","c173","h001",NA,NA
"C",43,"2021-10-08","c173","h001",NA,NA
"C",44,"2021-10-08","c173","h001",NA,NA
"C",44,"2021-10-08","c451","h001",NA,NA
"C",45,"2021-10-08","c451","h001",NA,NA
"C",46,"2021-10-08","c451","h001",NA,NA
"C",47,"2021-10-08","c451","h001",NA,NA
"C",0,"2021-10-08","c395","h001",NA,NA
"C",1,"2021-10-08","c395","h001",NA,NA
"C",2,"2021-10-08","c395","h001",NA,NA
"C",3,"2021-10-08","c395","h001",NA,NA
"C",3,"2021-10-08","c038","h001",NA,NA
"C",4,"2021-10-08","c038","h001",NA,NA
"C",5,"2021-10-08","c038","h001",NA,NA
"C",6,"2021-10-08","c038","h001",NA,NA
"C",6,"2021-10-08","c332","h001",NA,NA
"C",7,"2021-10-08","c332","h001",NA,NA
"C",8,"2021-10-08","c332","h001",NA,NA
"C",8,"2021-10-08","c123","h001",NA,NA
"C",9,"2021-10-08","c123","h001",NA,NA
"C",10,"2021-10-08","c123","h001",NA,NA
"C",11,"2021-10-08","c123","h001",NA,NA
"C",12,"2021-10-08","c123","h001",NA,NA
"C",12,"2021-10-08","c487","h001",NA,NA
"C",13,"2021-10-08","c487","h001",NA,NA
"C",14,"2021-10-08","c487","h001",NA,NA
"C",15,"2021-10-08","c487","h001",NA,NA
"C",16,"2021-10-08","c487","h001",NA,NA
"C",16,"2021-10-08","c107","h001",NA,NA
"C",17,"2021-10-08","c107","h001",NA,NA
"C",18,"2021-10-08","c107","h001",NA,NA
"C",18,"2021-10-08","c216","h001",NA,NA
"C",19,"2021-10-08","c216","h001",NA,NA
"C",20,"2021-10-08","c216","h001",NA,NA
"C",21,"2021-10-08","c216","h001",NA,NA
"C",22,"2021-10-08","c216","h001",NA,NA
"C",23,"2021-10-08","c216","h001",NA,NA
"C",23,"2021-10-08","c233","h001",NA,NA
"C",24,"2021-10-08","c233","h001",NA,NA
"C",25,"2021-10-08","c233","h001",NA,NA
"C",26,"2021-10-08","c233","h001",NA,NA
"C",26,"2021-10-08","c485","h001",NA,NA
"C",27,"2021-10-08","c485","h001",NA,NA
"C",28,"2021-10-08","c485","h001",NA,NA
"C",28,"2021-10-08","c279","h001",NA,NA
"C",29,"2021-10-08","c279","h001",NA,NA
"C",30,"2021-10-08","c279","h001",NA,NA
"C",31,"2021-10-08","c279","h001",NA,NA
"C",0,"2021-10-09","c243","h001",NA,NA
"C",1,"2021-10-09","c243","h001",NA,NA
"C",2,"2021-10-09","c243","h001",NA,NA
"C",3,"2021-10-09","c243","h001",NA,NA
"C",3,"2021-10-09","c159","h001",NA,NA
"C",4,"2021-10-09","c159","h001",NA,NA
"C",5,"2021-10-09","c159","h001",NA,NA
"C",6,"2021-10-09","c159","h001",NA,NA
"C",7,"2021-10-09","c159","h001",NA,NA
"C",7,"2021-10-09","c194","h001",NA,NA
"C",8,"2021-10-09","c194","h001",NA,NA
"C",9,"2021-10-09","c194","h001",NA,NA
"C",10,"2021-10-09","c194","h001",NA,NA
"C",10,"2021-10-09","c022","h001",NA,NA
"C",11,"2021-10-09","c022","h001",NA,NA
"C",12,"2021-10-09","c022","h001",NA,NA
"C",13,"2021-10-09","c022","h001",NA,NA
"C",14,"2021-10-09","c022","h001",NA,NA
"C",14,"2021-10-09","c464","h001",NA,NA
"C",15,"2021-10-09","c464","h001",NA,NA
"C",16,"2021-10-09","c464","h001",NA,NA
"C",17,"2021-10-09","c464","h001",NA,NA
"C",17,"2021-10-09","c035","h001",NA,NA
"C",18,"2021-10-09","c035","h001",NA,NA
"C",19,"2021-10-09","c035","h001",NA,NA
"C",20,"2021-10-09","c035","h001",NA,NA
"C",21,"2021-10-09","c035","h001",NA,NA
"C",22,"2021-10-09","c035","h001",NA,NA
"C",22,"2021-10-09","c125","h001",NA,NA
"C",23,"2021-10-09","c125","h001",NA,NA
"C",24,"2021-10-09","c125","h001",NA,NA
"C",25,"2021-10-09","c125","h001",NA,NA
"C",25,"2021-10-09","c203","h001",NA,NA
"C",26,"2021-10-09","c203","h001",NA,NA
"C",27,"2021-10-09","c203","h001",NA,NA
"C",27,"2021-10-09","c236","h001",NA,NA
"C",28,"2021-10-09","c236","h001",NA,NA
"C",29,"2021-10-09","c236","h001",NA,NA
"C",30,"2021-10-09","c236","h001",NA,NA
"C",31,"2021-10-09","c236","h001",NA,NA
"C",31,"2021-10-09","c345","h001",NA,NA
"C",32,"2021-10-09","c345","h001",NA,NA
"C",33,"2021-10-09","c345","h001",NA,NA
"C",33,"2021-10-09","c487","h001",NA,NA
"C",34,"2021-10-09","c487","h001",NA,NA
"C",35,"2021-10-09","c487","h001",NA,NA
"C",36,"2021-10-09","c487","h001",NA,NA
"C",37,"2021-10-09","c487","h001",NA,NA
"C",37,"2021-10-09","c194","h001",NA,NA
"C",38,"2021-10-09","c194","h001",NA,NA
"C",39,"2021-10-09","c194","h001",NA,NA
"C",40,"2021-10-09","c194","h001",NA,NA
"C",40,"2021-10-09","c370","h001",NA,NA
"C",41,"2021-10-09","c370","h001",NA,NA
"C",42,"2021-10-09","c370","h001",NA,NA
"C",42,"2021-10-09","c495","h001",NA,NA
"C",43,"2021-10-09","c495","h001",NA,NA
"C",44,"2021-10-09","c495","h001",NA,NA
"C",45,"2021-10-09","c495","h001",NA,NA
"C",46,"2021-10-09","c495","h001",NA,NA
"C",0,"2021-10-09","c421","h001",NA,NA
"C",1,"2021-10-09","c421","h001",NA,NA
"C",2,"2021-10-09","c421","h001",NA,NA
"C",2,"2021-10-09","c318","h001",NA,NA
"C",3,"2021-10-09","c318","h001",NA,NA
"C",4,"2021-10-09","c318","h001",NA,NA
"C",4,"2021-10-09","c156","h001",NA,NA
"C",5,"2021-10-09","c156","h001",NA,NA
"C",6,"2021-10-09","c156","h001",NA,NA
"C",7,"2021-10-09","c156","h001",NA,NA
"C",8,"2021-10-09","c156","h001",NA,NA
"C",9,"2021-10-09","c156","h001",NA,NA
"C",9,"2021-10-09","c097","h001",NA,NA
"C",10,"2021-10-09","c097","h001",NA,NA
"C",11,"2021-10-09","c097","h001",NA,NA
"C",11,"2021-10-09","c283","h001",NA,NA
"C",12,"2021-10-09","c283","h001",NA,NA
"C",13,"2021-10-09","c283","h001",NA,NA
"C",14,"2021-10-09","c283","h001",NA,NA
"C",14,"2021-10-09","c227","h001",NA,NA
"C",15,"2021-10-09","c227","h001",NA,NA
"C",16,"2021-10-09","c227","h001",NA,NA
"C",17,"2021-10-09","c227","h001",NA,NA
"C",18,"2021-10-09","c227","h001",NA,NA
"C",19,"2021-10-09","c227","h001",NA,NA
"C",19,"2021-10-09","c180","h001",NA,NA
"C",20,"2021-10-09","c180","h001",NA,NA
"C",21,"2021-10-09","c180","h001",NA,NA
"C",22,"2021-10-09","c180","h001",NA,NA
"C",23,"2021-10-09","c180","h001",NA,NA
"C",23,"2021-10-09","c343","h001",NA,NA
"C",24,"2021-10-09","c343","h001",NA,NA
"C",25,"2021-10-09","c343","h001",NA,NA
"C",26,"2021-10-09","c343","h001",NA,NA
"C",27,"2021-10-09","c343","h001",NA,NA
"C",28,"2021-10-09","c343","h001",NA,NA
"C",28,"2021-10-09","c338","h001",NA,NA
"C",29,"2021-10-09","c338","h001",NA,NA
"C",30,"2021-10-09","c338","h001",NA,NA
"C",30,"2021-10-09","c097","h001",NA,NA
"C",31,"2021-10-09","c097","h001",NA,NA
"C",32,"2021-10-09","c097","h001",NA,NA
"C",33,"2021-10-09","c097","h001",NA,NA
"C",34,"2021-10-09","c097","h001",NA,NA
"C",34,"2021-10-09","c181","h001",NA,NA
"C",35,"2021-10-09","c181","h001",NA,NA
"C",36,"2021-10-09","c181","h001",NA,NA
"C",37,"2021-10-09","c181","h001",NA,NA
"C",38,"2021-10-09","c181","h001",NA,NA
"C",39,"2021-10-09","c181","h001",NA,NA
"C",0,"2021-10-10","c358","h001",NA,NA
"C",1,"2021-10-10","c358","h001",NA,NA
"C",2,"2021-10-10","c358","h001",NA,NA
"C",3,"2021-10-10","c358","h001",NA,NA
"C",3,"2021-10-10","c193","h001",NA,NA
"C",4,"2021-10-10","c193","h001",NA,NA
"C",5,"2021-10-10","c193","h001",NA,NA
"C",6,"2021-10-10","c193","h001",NA,NA
"C",7,"2021-10-10","c193","h001",NA,NA
"C",7,"2021-10-10","c126","h001",NA,NA
"C",8,"2021-10-10","c126","h001",NA,NA
"C",9,"2021-10-10","c126","h001",NA,NA
"C",10,"2021-10-10","c126","h001",NA,NA
"C",10,"2021-10-10","c301","h001",NA,NA
"C",11,"2021-10-10","c301","h001",NA,NA
"C",12,"2021-10-10","c301","h001",NA,NA
"C",12,"2021-10-10","c314","h001",NA,NA
"C",13,"2021-10-10","c314","h001",NA,NA
"C",14,"2021-10-10","c314","h001",NA,NA
"C",15,"2021-10-10","c314","h001",NA,NA
"C",15,"2021-10-10","c407","h001",NA,NA
"C",16,"2021-10-10","c407","h001",NA,NA
"C",17,"2021-10-10","c407","h001",NA,NA
"C",18,"2021-10-10","c407","h001",NA,NA
"C",19,"2021-10-10","c407","h001",NA,NA
"C",19,"2021-10-10","c347","h001",NA,NA
"C",20,"2021-10-10","c347","h001",NA,NA
"C",21,"2021-10-10","c347","h001",NA,NA
"C",22,"2021-10-10","c347","h001",NA,NA
"C",23,"2021-10-10","c347","h001",NA,NA
"C",23,"2021-10-10","c490","h001",NA,NA
"C",24,"2021-10-10","c490","h001",NA,NA
"C",25,"2021-10-10","c490","h001",NA,NA
"C",25,"2021-10-10","c162","h001",NA,NA
"C",26,"2021-10-10","c162","h001",NA,NA
"C",27,"2021-10-10","c162","h001",NA,NA
"C",27,"2021-10-10","c032","h001",NA,NA
"C",28,"2021-10-10","c032","h001",NA,NA
"C",29,"2021-10-10","c032","h001",NA,NA
"C",29,"2021-10-10","c099","h001",NA,NA
"C",30,"2021-10-10","c099","h001",NA,NA
"C",31,"2021-10-10","c099","h001",NA,NA
"C",32,"2021-10-10","c099","h001",NA,NA
"C",33,"2021-10-10","c099","h001",NA,NA
"C",34,"2021-10-10","c099","h001",NA,NA
"C",34,"2021-10-10","c415","h001",NA,NA
"C",35,"2021-10-10","c415","h001",NA,NA
"C",36,"2021-10-10","c415","h001",NA,NA
"C",37,"2021-10-10","c415","h001",NA,NA
"C",37,"2021-10-10","c350","h001",NA,NA
"C",38,"2021-10-10","c350","h001",NA,NA
"C",39,"2021-10-10","c350","h001",NA,NA
"C",40,"2021-10-10","c350","h001",NA,NA
"C",40,"2021-10-10","c266","h001",NA,NA
"C",41,"2021-10-10","c266","h001",NA,NA
"C",42,"2021-10-10","c266","h001",NA,NA
"C",43,"2021-10-10","c266","h001",NA,NA
"C",44,"2021-10-10","c266","h001",NA,NA
"C",45,"2021-10-10","c266","h001",NA,NA
"C",45,"2021-10-10","c131","h001",NA,NA
"C",46,"2021-10-10","c131","h001",NA,NA
"C",47,"2021-10-10","c131","h001",NA,NA
"C",0,"2021-10-10","c273","h001",NA,NA
"C",1,"2021-10-10","c273","h001",NA,NA
"C",2,"2021-10-10","c273","h001",NA,NA
"C",2,"2021-10-10","c164","h001",NA,NA
"C",3,"2021-10-10","c164","h001",NA,NA
"C",4,"2021-10-10","c164","h001",NA,NA
"C",5,"2021-10-10","c164","h001",NA,NA
"C",5,"2021-10-10","c475","h001",NA,NA
"C",6,"2021-10-10","c475","h001",NA,NA
"C",7,"2021-10-10","c475","h001",NA,NA
"C",8,"2021-10-10","c475","h001",NA,NA
"C",9,"2021-10-10","c475","h001",NA,NA
"C",10,"2021-10-10","c475","h001",NA,NA
"C",10,"2021-10-10","c400","h001",NA,NA
"C",11,"2021-10-10","c400","h001",NA,NA
"C",12,"2021-10-10","c400","h001",NA,NA
"C",13,"2021-10-10","c400","h001",NA,NA
"C",14,"2021-10-10","c400","h001",NA,NA
"C",15,"2021-10-10","c400","h001",NA,NA
"C",15,"2021-10-10","c034","h001",NA,NA
"C",16,"2021-10-10","c034","h001",NA,NA
"C",17,"2021-10-10","c034","h001",NA,NA
"C",18,"2021-10-10","c034","h001",NA,NA
"C",18,"2021-10-10","c285","h001",NA,NA
"C",19,"2021-10-10","c285","h001",NA,NA
"C",20,"2021-10-10","c285","h001",NA,NA
"C",21,"2021-10-10","c285","h001",NA,NA
"C",21,"2021-10-10","c019","h001",NA,NA
"C",22,"2021-10-10","c019","h001",NA,NA
"C",23,"2021-10-10","c019","h001",NA,NA
"C",24,"2021-10-10","c019","h001",NA,NA
"C",25,"2021-10-10","c019","h001",NA,NA
"D",0,"2021-10-01","c054","h001",NA,NA
"D",1,"2021-10-01","c054","h001",NA,NA
"D",2,"2021-10-01","c054","h001",NA,NA
"D",3,"2021-10-01","c054","h001",NA,NA
"D",4,"2021-10-01","c054","h001",NA,NA
"D",4,"2021-10-01","c059","h001",NA,NA
"D",5,"2021-10-01","c059","h001",NA,NA
"D",6,"2021-10-01","c059","h001",NA,NA
"D",7,"2021-10-01","c059","h001",NA,NA
"D",7,"2021-10-01","c352","h001",NA,NA
"D",8,"2021-10-01","c352","h001",NA,NA
"D",9,"2021-10-01","c352","h001",NA,NA
"D",9,"2021-10-01","c156","h001",NA,NA
"D",10,"2021-10-01","c156","h001",NA,NA
"D",11,"2021-10-01","c156","h001",NA,NA
"D",11,"2021-10-01","c169","h001",NA,NA
"D",12,"2021-10-01","c169","h001",NA,NA
"D",13,"2021-10-01","c169","h001",NA,NA
"D",14,"2021-10-01","c169","h001",NA,NA
"D",15,"2021-10-01","c169","h001",NA,NA
"D",16,"2021-10-01","c169","h001",NA,NA
"D",16,"2021-10-01","c470","h001",NA,NA
"D",17,"2021-10-01","c470","h001",NA,NA
"D",18,"2021-10-01","c470","h001",NA,NA
"D",19,"2021-10-01","c470","h001",NA,NA
"D",19,"2021-10-01","c431","h001",NA,NA
"D",20,"2021-10-01","c431","h001",NA,NA
"D",21,"2021-10-01","c431","h001",NA,NA
"D",22,"2021-10-01","c431","h001",NA,NA
"D",22,"2021-10-01","c364","h001",NA,NA
"D",23,"2021-10-01","c364","h001",NA,NA
"D",24,"2021-10-01","c364","h001",NA,NA
"D",25,"2021-10-01","c364","h001",NA,NA
"D",26,"2021-10-01","c364","h001",NA,NA
"D",27,"2021-10-01","c364","h001",NA,NA
"D",27,"2021-10-01","c105","h001",NA,NA
"D",28,"2021-10-01","c105","h001",NA,NA
"D",29,"2021-10-01","c105","h001",NA,NA
"D",29,"2021-10-01","c455","h001",NA,NA
"D",30,"2021-10-01","c455","h001",NA,NA
"D",31,"2021-10-01","c455","h001",NA,NA
"D",31,"2021-10-01","c471","h001",NA,NA
"D",32,"2021-10-01","c471","h001",NA,NA
"D",33,"2021-10-01","c471","h001",NA,NA
"D",34,"2021-10-01","c471","h001",NA,NA
"D",35,"2021-10-01","c471","h001",NA,NA
"D",36,"2021-10-01","c471","h001",NA,NA
"D",36,"2021-10-01","c389","h001",NA,NA
"D",37,"2021-10-01","c389","h001",NA,NA
"D",38,"2021-10-01","c389","h001",NA,NA
"D",39,"2021-10-01","c389","h001",NA,NA
"D",40,"2021-10-01","c389","h001",NA,NA
"D",40,"2021-10-01","c454","h001",NA,NA
"D",41,"2021-10-01","c454","h001",NA,NA
"D",42,"2021-10-01","c454","h001",NA,NA
"D",43,"2021-10-01","c454","h001",NA,NA
"D",43,"2021-10-01","c158","h001",NA,NA
"D",44,"2021-10-01","c158","h001",NA,NA
"D",45,"2021-10-01","c158","h001",NA,NA
"D",46,"2021-10-01","c158","h001",NA,NA
"D",0,"2021-10-01","c315","h001",NA,NA
"D",1,"2021-10-01","c315","h001",NA,NA
"D",2,"2021-10-01","c315","h001",NA,NA
"D",3,"2021-10-01","c315","h001",NA,NA
"D",3,"2021-10-01","c104","h001",NA,NA
"D",4,"2021-10-01","c104","h001",NA,NA
"D",5,"2021-10-01","c104","h001",NA,NA
"D",5,"2021-10-01","c097","h001",NA,NA
"D",6,"2021-10-01","c097","h001",NA,NA
"D",7,"2021-10-01","c097","h001",NA,NA
"D",8,"2021-10-01","c097","h001",NA,NA
"D",9,"2021-10-01","c097","h001",NA,NA
"D",10,"2021-10-01","c097","h001",NA,NA
"D",10,"2021-10-01","c399","h001",NA,NA
"D",11,"2021-10-01","c399","h001",NA,NA
"D",12,"2021-10-01","c399","h001",NA,NA
"D",13,"2021-10-01","c399","h001",NA,NA
"D",14,"2021-10-01","c399","h001",NA,NA
"D",14,"2021-10-01","c477","h001",NA,NA
"D",15,"2021-10-01","c477","h001",NA,NA
"D",16,"2021-10-01","c477","h001",NA,NA
"D",17,"2021-10-01","c477","h001",NA,NA
"D",18,"2021-10-01","c477","h001",NA,NA
"D",19,"2021-10-01","c477","h001",NA,NA
"D",19,"2021-10-01","c163","h001",NA,NA
"D",20,"2021-10-01","c163","h001",NA,NA
"D",21,"2021-10-01","c163","h001",NA,NA
"D",21,"2021-10-01","c259","h001",NA,NA
"D",22,"2021-10-01","c259","h001",NA,NA
"D",23,"2021-10-01","c259","h001",NA,NA
"D",23,"2021-10-01","c147","h001",NA,NA
"D",24,"2021-10-01","c147","h001",NA,NA
"D",25,"2021-10-01","c147","h001",NA,NA
"D",26,"2021-10-01","c147","h001",NA,NA
"D",26,"2021-10-01","c324","h001",NA,NA
"D",27,"2021-10-01","c324","h001",NA,NA
"D",28,"2021-10-01","c324","h001",NA,NA
"D",29,"2021-10-01","c324","h001",NA,NA
"D",29,"2021-10-01","c459","h001",NA,NA
"D",30,"2021-10-01","c459","h001",NA,NA
"D",31,"2021-10-01","c459","h001",NA,NA
"D",32,"2021-10-01","c459","h001",NA,NA
"D",33,"2021-10-01","c459","h001",NA,NA
"D",33,"2021-10-01","c015","h001",NA,NA
"D",34,"2021-10-01","c015","h001",NA,NA
"D",35,"2021-10-01","c015","h001",NA,NA
"D",36,"2021-10-01","c015","h001",NA,NA
"D",36,"2021-10-01","c475","h001",NA,NA
"D",37,"2021-10-01","c475","h001",NA,NA
"D",38,"2021-10-01","c475","h001",NA,NA
"D",39,"2021-10-01","c475","h001",NA,NA
"D",0,"2021-10-02","c094","h001",NA,NA
"D",1,"2021-10-02","c094","h001",NA,NA
"D",2,"2021-10-02","c094","h001",NA,NA
"D",3,"2021-10-02","c094","h001",NA,NA
"D",4,"2021-10-02","c094","h001",NA,NA
"D",5,"2021-10-02","c094","h001",NA,NA
"D",5,"2021-10-02","c262","h001",NA,NA
"D",6,"2021-10-02","c262","h001",NA,NA
"D",7,"2021-10-02","c262","h001",NA,NA
"D",8,"2021-10-02","c262","h001",NA,NA
"D",9,"2021-10-02","c262","h001",NA,NA
"D",10,"2021-10-02","c262","h001",NA,NA
"D",10,"2021-10-02","c276","h001",NA,NA
"D",11,"2021-10-02","c276","h001",NA,NA
"D",12,"2021-10-02","c276","h001",NA,NA
"D",13,"2021-10-02","c276","h001",NA,NA
"D",14,"2021-10-02","c276","h001",NA,NA
"D",15,"2021-10-02","c276","h001",NA,NA
"D",15,"2021-10-02","c024","h001",NA,NA
"D",16,"2021-10-02","c024","h001",NA,NA
"D",17,"2021-10-02","c024","h001",NA,NA
"D",18,"2021-10-02","c024","h001",NA,NA
"D",19,"2021-10-02","c024","h001",NA,NA
"D",19,"2021-10-02","c007","h001",NA,NA
"D",20,"2021-10-02","c007","h001",NA,NA
"D",21,"2021-10-02","c007","h001",NA,NA
"D",22,"2021-10-02","c007","h001",NA,NA
"D",23,"2021-10-02","c007","h001",NA,NA
"D",23,"2021-10-02","c250","h001",NA,NA
"D",24,"2021-10-02","c250","h001",NA,NA
"D",25,"2021-10-02","c250","h001",NA,NA
"D",26,"2021-10-02","c250","h001",NA,NA
"D",27,"2021-10-02","c250","h001",NA,NA
"D",28,"2021-10-02","c250","h001",NA,NA
"D",28,"2021-10-02","c460","h001",NA,NA
"D",29,"2021-10-02","c460","h001",NA,NA
"D",30,"2021-10-02","c460","h001",NA,NA
"D",31,"2021-10-02","c460","h001",NA,NA
"D",32,"2021-10-02","c460","h001",NA,NA
"D",32,"2021-10-02","c013","h001",NA,NA
"D",33,"2021-10-02","c013","h001",NA,NA
"D",34,"2021-10-02","c013","h001",NA,NA
"D",35,"2021-10-02","c013","h001",NA,NA
"D",36,"2021-10-02","c013","h001",NA,NA
"D",37,"2021-10-02","c013","h001",NA,NA
"D",37,"2021-10-02","c309","h001",NA,NA
"D",38,"2021-10-02","c309","h001",NA,NA
"D",39,"2021-10-02","c309","h001",NA,NA
"D",40,"2021-10-02","c309","h001",NA,NA
"D",40,"2021-10-02","c165","h001",NA,NA
"D",41,"2021-10-02","c165","h001",NA,NA
"D",42,"2021-10-02","c165","h001",NA,NA
"D",42,"2021-10-02","c325","h001",NA,NA
"D",43,"2021-10-02","c325","h001",NA,NA
"D",44,"2021-10-02","c325","h001",NA,NA
"D",0,"2021-10-02","c337","h001",NA,NA
"D",1,"2021-10-02","c337","h001",NA,NA
"D",2,"2021-10-02","c337","h001",NA,NA
"D",2,"2021-10-02","c040","h001",NA,NA
"D",3,"2021-10-02","c040","h001",NA,NA
"D",4,"2021-10-02","c040","h001",NA,NA
"D",5,"2021-10-02","c040","h001",NA,NA
"D",6,"2021-10-02","c040","h001",NA,NA
"D",6,"2021-10-02","c212","h001",NA,NA
"D",7,"2021-10-02","c212","h001",NA,NA
"D",8,"2021-10-02","c212","h001",NA,NA
"D",9,"2021-10-02","c212","h001",NA,NA
"D",9,"2021-10-02","c167","h001",NA,NA
"D",10,"2021-10-02","c167","h001",NA,NA
"D",11,"2021-10-02","c167","h001",NA,NA
"D",11,"2021-10-02","c395","h001",NA,NA
"D",12,"2021-10-02","c395","h001",NA,NA
"D",13,"2021-10-02","c395","h001",NA,NA
"D",13,"2021-10-02","c354","h001",NA,NA
"D",14,"2021-10-02","c354","h001",NA,NA
"D",15,"2021-10-02","c354","h001",NA,NA
"D",16,"2021-10-02","c354","h001",NA,NA
"D",17,"2021-10-02","c354","h001",NA,NA
"D",18,"2021-10-02","c354","h001",NA,NA
"D",18,"2021-10-02","c162","h001",NA,NA
"D",19,"2021-10-02","c162","h001",NA,NA
"D",20,"2021-10-02","c162","h001",NA,NA
"D",21,"2021-10-02","c162","h001",NA,NA
"D",21,"2021-10-02","c202","h001",NA,NA
"D",22,"2021-10-02","c202","h001",NA,NA
"D",23,"2021-10-02","c202","h001",NA,NA
"D",23,"2021-10-02","c471","h001",NA,NA
"D",24,"2021-10-02","c471","h001",NA,NA
"D",25,"2021-10-02","c471","h001",NA,NA
"D",26,"2021-10-02","c471","h001",NA,NA
"D",27,"2021-10-02","c471","h001",NA,NA
"D",28,"2021-10-02","c471","h001",NA,NA
"D",28,"2021-10-02","c472","h001",NA,NA
"D",29,"2021-10-02","c472","h001",NA,NA
"D",30,"2021-10-02","c472","h001",NA,NA
"D",31,"2021-10-02","c472","h001",NA,NA
"D",32,"2021-10-02","c472","h001",NA,NA
"D",33,"2021-10-02","c472","h001",NA,NA
"D",33,"2021-10-02","c054","h001",NA,NA
"D",34,"2021-10-02","c054","h001",NA,NA
"D",35,"2021-10-02","c054","h001",NA,NA
"D",36,"2021-10-02","c054","h001",NA,NA
"D",36,"2021-10-02","c342","h001",NA,NA
"D",37,"2021-10-02","c342","h001",NA,NA
"D",38,"2021-10-02","c342","h001",NA,NA
"D",39,"2021-10-02","c342","h001",NA,NA
"D",39,"2021-10-02","c319","h001",NA,NA
"D",40,"2021-10-02","c319","h001",NA,NA
"D",41,"2021-10-02","c319","h001",NA,NA
"D",42,"2021-10-02","c319","h001",NA,NA
"D",43,"2021-10-02","c319","h001",NA,NA
"D",44,"2021-10-02","c319","h001",NA,NA
"D",44,"2021-10-02","c241","h001",NA,NA
"D",45,"2021-10-02","c241","h001",NA,NA
"D",46,"2021-10-02","c241","h001",NA,NA
"D",47,"2021-10-02","c241","h001",NA,NA
"D",0,"2021-10-02","c321","h001",NA,NA
"D",1,"2021-10-02","c321","h001",NA,NA
"D",2,"2021-10-02","c321","h001",NA,NA
"D",3,"2021-10-02","c321","h001",NA,NA
"D",4,"2021-10-02","c321","h001",NA,NA
"D",0,"2021-10-03","c435","h001",NA,NA
"D",1,"2021-10-03","c435","h001",NA,NA
"D",2,"2021-10-03","c435","h001",NA,NA
"D",3,"2021-10-03","c435","h001",NA,NA
"D",3,"2021-10-03","c481","h001",NA,NA
"D",4,"2021-10-03","c481","h001",NA,NA
"D",5,"2021-10-03","c481","h001",NA,NA
"D",6,"2021-10-03","c481","h001",NA,NA
"D",7,"2021-10-03","c481","h001",NA,NA
"D",8,"2021-10-03","c481","h001",NA,NA
"D",8,"2021-10-03","c075","h001",NA,NA
"D",9,"2021-10-03","c075","h001",NA,NA
"D",10,"2021-10-03","c075","h001",NA,NA
"D",11,"2021-10-03","c075","h001",NA,NA
"D",11,"2021-10-03","c052","h001",NA,NA
"D",12,"2021-10-03","c052","h001",NA,NA
"D",13,"2021-10-03","c052","h001",NA,NA
"D",14,"2021-10-03","c052","h001",NA,NA
"D",14,"2021-10-03","c304","h001",NA,NA
"D",15,"2021-10-03","c304","h001",NA,NA
"D",16,"2021-10-03","c304","h001",NA,NA
"D",16,"2021-10-03","c461","h001",NA,NA
"D",17,"2021-10-03","c461","h001",NA,NA
"D",18,"2021-10-03","c461","h001",NA,NA
"D",18,"2021-10-03","c198","h001",NA,NA
"D",19,"2021-10-03","c198","h001",NA,NA
"D",20,"2021-10-03","c198","h001",NA,NA
"D",21,"2021-10-03","c198","h001",NA,NA
"D",21,"2021-10-03","c286","h001",NA,NA
"D",22,"2021-10-03","c286","h001",NA,NA
"D",23,"2021-10-03","c286","h001",NA,NA
"D",24,"2021-10-03","c286","h001",NA,NA
"D",25,"2021-10-03","c286","h001",NA,NA
"D",26,"2021-10-03","c286","h001",NA,NA
"D",26,"2021-10-03","c214","h001",NA,NA
"D",27,"2021-10-03","c214","h001",NA,NA
"D",28,"2021-10-03","c214","h001",NA,NA
"D",29,"2021-10-03","c214","h001",NA,NA
"D",29,"2021-10-03","c266","h001",NA,NA
"D",30,"2021-10-03","c266","h001",NA,NA
"D",31,"2021-10-03","c266","h001",NA,NA
"D",32,"2021-10-03","c266","h001",NA,NA
"D",33,"2021-10-03","c266","h001",NA,NA
"D",33,"2021-10-03","c001","h001",NA,NA
"D",34,"2021-10-03","c001","h001",NA,NA
"D",35,"2021-10-03","c001","h001",NA,NA
"D",35,"2021-10-03","c340","h001",NA,NA
"D",36,"2021-10-03","c340","h001",NA,NA
"D",37,"2021-10-03","c340","h001",NA,NA
"D",37,"2021-10-03","c449","h001",NA,NA
"D",38,"2021-10-03","c449","h001",NA,NA
"D",39,"2021-10-03","c449","h001",NA,NA
"D",39,"2021-10-03","c038","h001",NA,NA
"D",40,"2021-10-03","c038","h001",NA,NA
"D",41,"2021-10-03","c038","h001",NA,NA
"D",42,"2021-10-03","c038","h001",NA,NA
"D",43,"2021-10-03","c038","h001",NA,NA
"D",43,"2021-10-03","c287","h001",NA,NA
"D",44,"2021-10-03","c287","h001",NA,NA
"D",45,"2021-10-03","c287","h001",NA,NA
"D",46,"2021-10-03","c287","h001",NA,NA
"D",0,"2021-10-03","c488","h001",NA,NA
"D",1,"2021-10-03","c488","h001",NA,NA
"D",2,"2021-10-03","c488","h001",NA,NA
"D",3,"2021-10-03","c488","h001",NA,NA
"D",4,"2021-10-03","c488","h001",NA,NA
"D",5,"2021-10-03","c488","h001",NA,NA
"D",5,"2021-10-03","c448","h001",NA,NA
"D",6,"2021-10-03","c448","h001",NA,NA
"D",7,"2021-10-03","c448","h001",NA,NA
"D",8,"2021-10-03","c448","h001",NA,NA
"D",8,"2021-10-03","c440","h001",NA,NA
"D",9,"2021-10-03","c440","h001",NA,NA
"D",10,"2021-10-03","c440","h001",NA,NA
"D",10,"2021-10-03","c337","h001",NA,NA
"D",11,"2021-10-03","c337","h001",NA,NA
"D",12,"2021-10-03","c337","h001",NA,NA
"D",13,"2021-10-03","c337","h001",NA,NA
"D",14,"2021-10-03","c337","h001",NA,NA
"D",15,"2021-10-03","c337","h001",NA,NA
"D",15,"2021-10-03","c408","h001",NA,NA
"D",16,"2021-10-03","c408","h001",NA,NA
"D",17,"2021-10-03","c408","h001",NA,NA
"D",18,"2021-10-03","c408","h001",NA,NA
"D",19,"2021-10-03","c408","h001",NA,NA
"D",19,"2021-10-03","c123","h001",NA,NA
"D",20,"2021-10-03","c123","h001",NA,NA
"D",21,"2021-10-03","c123","h001",NA,NA
"D",22,"2021-10-03","c123","h001",NA,NA
"D",23,"2021-10-03","c123","h001",NA,NA
"D",23,"2021-10-03","c147","h001",NA,NA
"D",24,"2021-10-03","c147","h001",NA,NA
"D",25,"2021-10-03","c147","h001",NA,NA
"D",26,"2021-10-03","c147","h001",NA,NA
"D",27,"2021-10-03","c147","h001",NA,NA
"D",28,"2021-10-03","c147","h001",NA,NA
"D",28,"2021-10-03","c235","h001",NA,NA
"D",29,"2021-10-03","c235","h001",NA,NA
"D",30,"2021-10-03","c235","h001",NA,NA
"D",31,"2021-10-03","c235","h001",NA,NA
"D",0,"2021-10-04","c482","h001",NA,NA
"D",1,"2021-10-04","c482","h001",NA,NA
"D",2,"2021-10-04","c482","h001",NA,NA
"D",3,"2021-10-04","c482","h001",NA,NA
"D",4,"2021-10-04","c482","h001",NA,NA
"D",5,"2021-10-04","c482","h001",NA,NA
"D",5,"2021-10-04","c148","h001",NA,NA
"D",6,"2021-10-04","c148","h001",NA,NA
"D",7,"2021-10-04","c148","h001",NA,NA
"D",7,"2021-10-04","c382","h001",NA,NA
"D",8,"2021-10-04","c382","h001",NA,NA
"D",9,"2021-10-04","c382","h001",NA,NA
"D",10,"2021-10-04","c382","h001",NA,NA
"D",11,"2021-10-04","c382","h001",NA,NA
"D",12,"2021-10-04","c382","h001",NA,NA
"D",12,"2021-10-04","c161","h001",NA,NA
"D",13,"2021-10-04","c161","h001",NA,NA
"D",14,"2021-10-04","c161","h001",NA,NA
"D",15,"2021-10-04","c161","h001",NA,NA
"D",16,"2021-10-04","c161","h001",NA,NA
"D",17,"2021-10-04","c161","h001",NA,NA
"D",17,"2021-10-04","c326","h001",NA,NA
"D",18,"2021-10-04","c326","h001",NA,NA
"D",19,"2021-10-04","c326","h001",NA,NA
"D",19,"2021-10-04","c078","h001",NA,NA
"D",20,"2021-10-04","c078","h001",NA,NA
"D",21,"2021-10-04","c078","h001",NA,NA
"D",22,"2021-10-04","c078","h001",NA,NA
"D",22,"2021-10-04","c185","h001",NA,NA
"D",23,"2021-10-04","c185","h001",NA,NA
"D",24,"2021-10-04","c185","h001",NA,NA
"D",25,"2021-10-04","c185","h001",NA,NA
"D",26,"2021-10-04","c185","h001",NA,NA
"D",26,"2021-10-04","c247","h001",NA,NA
"D",27,"2021-10-04","c247","h001",NA,NA
"D",28,"2021-10-04","c247","h001",NA,NA
"D",29,"2021-10-04","c247","h001",NA,NA
"D",29,"2021-10-04","c064","h001",NA,NA
"D",30,"2021-10-04","c064","h001",NA,NA
"D",31,"2021-10-04","c064","h001",NA,NA
"D",31,"2021-10-04","c498","h001",NA,NA
"D",32,"2021-10-04","c498","h001",NA,NA
"D",33,"2021-10-04","c498","h001",NA,NA
"D",34,"2021-10-04","c498","h001",NA,NA
"D",34,"2021-10-04","c206","h001",NA,NA
"D",35,"2021-10-04","c206","h001",NA,NA
"D",36,"2021-10-04","c206","h001",NA,NA
"D",37,"2021-10-04","c206","h001",NA,NA
"D",38,"2021-10-04","c206","h001",NA,NA
"D",38,"2021-10-04","c010","h001",NA,NA
"D",39,"2021-10-04","c010","h001",NA,NA
"D",40,"2021-10-04","c010","h001",NA,NA
"D",41,"2021-10-04","c010","h001",NA,NA
"D",41,"2021-10-04","c057","h001",NA,NA
"D",42,"2021-10-04","c057","h001",NA,NA
"D",43,"2021-10-04","c057","h001",NA,NA
"D",44,"2021-10-04","c057","h001",NA,NA
"D",45,"2021-10-04","c057","h001",NA,NA
"D",46,"2021-10-04","c057","h001",NA,NA
"D",0,"2021-10-04","c469","h001",NA,NA
"D",1,"2021-10-04","c469","h001",NA,NA
"D",2,"2021-10-04","c469","h001",NA,NA
"D",2,"2021-10-04","c103","h001",NA,NA
"D",3,"2021-10-04","c103","h001",NA,NA
"D",4,"2021-10-04","c103","h001",NA,NA
"D",5,"2021-10-04","c103","h001",NA,NA
"D",6,"2021-10-04","c103","h001",NA,NA
"D",7,"2021-10-04","c103","h001",NA,NA
"D",7,"2021-10-04","c360","h001",NA,NA
"D",8,"2021-10-04","c360","h001",NA,NA
"D",9,"2021-10-04","c360","h001",NA,NA
"D",9,"2021-10-04","c257","h001",NA,NA
"D",10,"2021-10-04","c257","h001",NA,NA
"D",11,"2021-10-04","c257","h001",NA,NA
"D",12,"2021-10-04","c257","h001",NA,NA
"D",13,"2021-10-04","c257","h001",NA,NA
"D",13,"2021-10-04","c142","h001",NA,NA
"D",14,"2021-10-04","c142","h001",NA,NA
"D",15,"2021-10-04","c142","h001",NA,NA
"D",16,"2021-10-04","c142","h001",NA,NA
"D",16,"2021-10-04","c272","h001",NA,NA
"D",17,"2021-10-04","c272","h001",NA,NA
"D",18,"2021-10-04","c272","h001",NA,NA
"D",19,"2021-10-04","c272","h001",NA,NA
"D",19,"2021-10-04","c385","h001",NA,NA
"D",20,"2021-10-04","c385","h001",NA,NA
"D",21,"2021-10-04","c385","h001",NA,NA
"D",22,"2021-10-04","c385","h001",NA,NA
"D",23,"2021-10-04","c385","h001",NA,NA
"D",23,"2021-10-04","c319","h001",NA,NA
"D",24,"2021-10-04","c319","h001",NA,NA
"D",25,"2021-10-04","c319","h001",NA,NA
"D",26,"2021-10-04","c319","h001",NA,NA
"D",27,"2021-10-04","c319","h001",NA,NA
"D",27,"2021-10-04","c162","h001",NA,NA
"D",28,"2021-10-04","c162","h001",NA,NA
"D",29,"2021-10-04","c162","h001",NA,NA
"D",30,"2021-10-04","c162","h001",NA,NA
"D",31,"2021-10-04","c162","h001",NA,NA
"D",31,"2021-10-04","c487","h001",NA,NA
"D",32,"2021-10-04","c487","h001",NA,NA
"D",33,"2021-10-04","c487","h001",NA,NA
"D",0,"2021-10-05","c275","h001",NA,NA
"D",1,"2021-10-05","c275","h001",NA,NA
"D",2,"2021-10-05","c275","h001",NA,NA
"D",3,"2021-10-05","c275","h001",NA,NA
"D",4,"2021-10-05","c275","h001",NA,NA
"D",5,"2021-10-05","c275","h001",NA,NA
"D",5,"2021-10-05","c458","h001",NA,NA
"D",6,"2021-10-05","c458","h001",NA,NA
"D",7,"2021-10-05","c458","h001",NA,NA
"D",7,"2021-10-05","c372","h001",NA,NA
"D",8,"2021-10-05","c372","h001",NA,NA
"D",9,"2021-10-05","c372","h001",NA,NA
"D",10,"2021-10-05","c372","h001",NA,NA
"D",11,"2021-10-05","c372","h001",NA,NA
"D",12,"2021-10-05","c372","h001",NA,NA
"D",12,"2021-10-05","c166","h001",NA,NA
"D",13,"2021-10-05","c166","h001",NA,NA
"D",14,"2021-10-05","c166","h001",NA,NA
"D",15,"2021-10-05","c166","h001",NA,NA
"D",15,"2021-10-05","c203","h001",NA,NA
"D",16,"2021-10-05","c203","h001",NA,NA
"D",17,"2021-10-05","c203","h001",NA,NA
"D",18,"2021-10-05","c203","h001",NA,NA
"D",19,"2021-10-05","c203","h001",NA,NA
"D",19,"2021-10-05","c167","h001",NA,NA
"D",20,"2021-10-05","c167","h001",NA,NA
"D",21,"2021-10-05","c167","h001",NA,NA
"D",22,"2021-10-05","c167","h001",NA,NA
"D",23,"2021-10-05","c167","h001",NA,NA
"D",24,"2021-10-05","c167","h001",NA,NA
"D",24,"2021-10-05","c429","h001",NA,NA
"D",25,"2021-10-05","c429","h001",NA,NA
"D",26,"2021-10-05","c429","h001",NA,NA
"D",27,"2021-10-05","c429","h001",NA,NA
"D",27,"2021-10-05","c456","h001",NA,NA
"D",28,"2021-10-05","c456","h001",NA,NA
"D",29,"2021-10-05","c456","h001",NA,NA
"D",30,"2021-10-05","c456","h001",NA,NA
"D",31,"2021-10-05","c456","h001",NA,NA
"D",31,"2021-10-05","c154","h001",NA,NA
"D",32,"2021-10-05","c154","h001",NA,NA
"D",33,"2021-10-05","c154","h001",NA,NA
"D",34,"2021-10-05","c154","h001",NA,NA
"D",35,"2021-10-05","c154","h001",NA,NA
"D",36,"2021-10-05","c154","h001",NA,NA
"D",36,"2021-10-05","c240","h001",NA,NA
"D",37,"2021-10-05","c240","h001",NA,NA
"D",38,"2021-10-05","c240","h001",NA,NA
"D",39,"2021-10-05","c240","h001",NA,NA
"D",39,"2021-10-05","c407","h001",NA,NA
"D",40,"2021-10-05","c407","h001",NA,NA
"D",41,"2021-10-05","c407","h001",NA,NA
"D",42,"2021-10-05","c407","h001",NA,NA
"D",42,"2021-10-05","c390","h001",NA,NA
"D",43,"2021-10-05","c390","h001",NA,NA
"D",44,"2021-10-05","c390","h001",NA,NA
"D",45,"2021-10-05","c390","h001",NA,NA
"D",46,"2021-10-05","c390","h001",NA,NA
"D",47,"2021-10-05","c390","h001",NA,NA
"D",0,"2021-10-05","c103","h001",NA,NA
"D",1,"2021-10-05","c103","h001",NA,NA
"D",2,"2021-10-05","c103","h001",NA,NA
"D",3,"2021-10-05","c103","h001",NA,NA
"D",4,"2021-10-05","c103","h001",NA,NA
"D",5,"2021-10-05","c103","h001",NA,NA
"D",5,"2021-10-05","c282","h001",NA,NA
"D",6,"2021-10-05","c282","h001",NA,NA
"D",7,"2021-10-05","c282","h001",NA,NA
"D",7,"2021-10-05","c479","h001",NA,NA
"D",8,"2021-10-05","c479","h001",NA,NA
"D",9,"2021-10-05","c479","h001",NA,NA
"D",10,"2021-10-05","c479","h001",NA,NA
"D",11,"2021-10-05","c479","h001",NA,NA
"D",11,"2021-10-05","c081","h001",NA,NA
"D",12,"2021-10-05","c081","h001",NA,NA
"D",13,"2021-10-05","c081","h001",NA,NA
"D",14,"2021-10-05","c081","h001",NA,NA
"D",15,"2021-10-05","c081","h001",NA,NA
"D",16,"2021-10-05","c081","h001",NA,NA
"D",16,"2021-10-05","c046","h001",NA,NA
"D",17,"2021-10-05","c046","h001",NA,NA
"D",18,"2021-10-05","c046","h001",NA,NA
"D",19,"2021-10-05","c046","h001",NA,NA
"D",20,"2021-10-05","c046","h001",NA,NA
"D",21,"2021-10-05","c046","h001",NA,NA
"D",21,"2021-10-05","c370","h001",NA,NA
"D",22,"2021-10-05","c370","h001",NA,NA
"D",23,"2021-10-05","c370","h001",NA,NA
"D",24,"2021-10-05","c370","h001",NA,NA
"D",25,"2021-10-05","c370","h001",NA,NA
"D",26,"2021-10-05","c370","h001",NA,NA
"D",26,"2021-10-05","c292","h001",NA,NA
"D",27,"2021-10-05","c292","h001",NA,NA
"D",28,"2021-10-05","c292","h001",NA,NA
"D",29,"2021-10-05","c292","h001",NA,NA
"D",30,"2021-10-05","c292","h001",NA,NA
"D",31,"2021-10-05","c292","h001",NA,NA
"D",31,"2021-10-05","c178","h001",NA,NA
"D",32,"2021-10-05","c178","h001",NA,NA
"D",33,"2021-10-05","c178","h001",NA,NA
"D",34,"2021-10-05","c178","h001",NA,NA
"D",35,"2021-10-05","c178","h001",NA,NA
"D",35,"2021-10-05","c114","h001",NA,NA
"D",36,"2021-10-05","c114","h001",NA,NA
"D",37,"2021-10-05","c114","h001",NA,NA
"D",37,"2021-10-05","c169","h001",NA,NA
"D",38,"2021-10-05","c169","h001",NA,NA
"D",39,"2021-10-05","c169","h001",NA,NA
"D",40,"2021-10-05","c169","h001",NA,NA
"D",41,"2021-10-05","c169","h001",NA,NA
"D",41,"2021-10-05","c427","h001",NA,NA
"D",42,"2021-10-05","c427","h001",NA,NA
"D",43,"2021-10-05","c427","h001",NA,NA
"D",44,"2021-10-05","c427","h001",NA,NA
"D",45,"2021-10-05","c427","h001",NA,NA
"D",46,"2021-10-05","c427","h001",NA,NA
"D",0,"2021-10-05","c346","h001",NA,NA
"D",1,"2021-10-05","c346","h001",NA,NA
"D",2,"2021-10-05","c346","h001",NA,NA
"D",3,"2021-10-05","c346","h001",NA,NA
"D",4,"2021-10-05","c346","h001",NA,NA
"D",5,"2021-10-05","c346","h001",NA,NA
"D",0,"2021-10-06","c038","h001",NA,NA
"D",1,"2021-10-06","c038","h001",NA,NA
"D",2,"2021-10-06","c038","h001",NA,NA
"D",3,"2021-10-06","c038","h001",NA,NA
"D",4,"2021-10-06","c038","h001",NA,NA
"D",4,"2021-10-06","c268","h001",NA,NA
"D",5,"2021-10-06","c268","h001",NA,NA
"D",6,"2021-10-06","c268","h001",NA,NA
"D",7,"2021-10-06","c268","h001",NA,NA
"D",8,"2021-10-06","c268","h001",NA,NA
"D",9,"2021-10-06","c268","h001",NA,NA
"D",9,"2021-10-06","c109","h001",NA,NA
"D",10,"2021-10-06","c109","h001",NA,NA
"D",11,"2021-10-06","c109","h001",NA,NA
"D",12,"2021-10-06","c109","h001",NA,NA
"D",13,"2021-10-06","c109","h001",NA,NA
"D",14,"2021-10-06","c109","h001",NA,NA
"D",14,"2021-10-06","c307","h001",NA,NA
"D",15,"2021-10-06","c307","h001",NA,NA
"D",16,"2021-10-06","c307","h001",NA,NA
"D",17,"2021-10-06","c307","h001",NA,NA
"D",17,"2021-10-06","c246","h001",NA,NA
"D",18,"2021-10-06","c246","h001",NA,NA
"D",19,"2021-10-06","c246","h001",NA,NA
"D",20,"2021-10-06","c246","h001",NA,NA
"D",21,"2021-10-06","c246","h001",NA,NA
"D",22,"2021-10-06","c246","h001",NA,NA
"D",22,"2021-10-06","c292","h001",NA,NA
"D",23,"2021-10-06","c292","h001",NA,NA
"D",24,"2021-10-06","c292","h001",NA,NA
"D",25,"2021-10-06","c292","h001",NA,NA
"D",26,"2021-10-06","c292","h001",NA,NA
"D",26,"2021-10-06","c191","h001",NA,NA
"D",27,"2021-10-06","c191","h001",NA,NA
"D",28,"2021-10-06","c191","h001",NA,NA
"D",28,"2021-10-06","c134","h001",NA,NA
"D",29,"2021-10-06","c134","h001",NA,NA
"D",30,"2021-10-06","c134","h001",NA,NA
"D",31,"2021-10-06","c134","h001",NA,NA
"D",31,"2021-10-06","c244","h001",NA,NA
"D",32,"2021-10-06","c244","h001",NA,NA
"D",33,"2021-10-06","c244","h001",NA,NA
"D",33,"2021-10-06","c397","h001",NA,NA
"D",34,"2021-10-06","c397","h001",NA,NA
"D",35,"2021-10-06","c397","h001",NA,NA
"D",35,"2021-10-06","c246","h001",NA,NA
"D",36,"2021-10-06","c246","h001",NA,NA
"D",37,"2021-10-06","c246","h001",NA,NA
"D",37,"2021-10-06","c031","h001",NA,NA
"D",38,"2021-10-06","c031","h001",NA,NA
"D",39,"2021-10-06","c031","h001",NA,NA
"D",40,"2021-10-06","c031","h001",NA,NA
"D",41,"2021-10-06","c031","h001",NA,NA
"D",42,"2021-10-06","c031","h001",NA,NA
"D",42,"2021-10-06","c167","h001",NA,NA
"D",43,"2021-10-06","c167","h001",NA,NA
"D",44,"2021-10-06","c167","h001",NA,NA
"D",45,"2021-10-06","c167","h001",NA,NA
"D",45,"2021-10-06","c086","h001",NA,NA
"D",46,"2021-10-06","c086","h001",NA,NA
"D",47,"2021-10-06","c086","h001",NA,NA
"D",0,"2021-10-06","c411","h001",NA,NA
"D",1,"2021-10-06","c411","h001",NA,NA
"D",2,"2021-10-06","c411","h001",NA,NA
"D",2,"2021-10-06","c477","h001",NA,NA
"D",3,"2021-10-06","c477","h001",NA,NA
"D",4,"2021-10-06","c477","h001",NA,NA
"D",5,"2021-10-06","c477","h001",NA,NA
"D",6,"2021-10-06","c477","h001",NA,NA
"D",7,"2021-10-06","c477","h001",NA,NA
"D",7,"2021-10-06","c323","h001",NA,NA
"D",8,"2021-10-06","c323","h001",NA,NA
"D",9,"2021-10-06","c323","h001",NA,NA
"D",10,"2021-10-06","c323","h001",NA,NA
"D",11,"2021-10-06","c323","h001",NA,NA
"D",11,"2021-10-06","c362","h001",NA,NA
"D",12,"2021-10-06","c362","h001",NA,NA
"D",13,"2021-10-06","c362","h001",NA,NA
"D",14,"2021-10-06","c362","h001",NA,NA
"D",15,"2021-10-06","c362","h001",NA,NA
"D",15,"2021-10-06","c286","h001",NA,NA
"D",16,"2021-10-06","c286","h001",NA,NA
"D",17,"2021-10-06","c286","h001",NA,NA
"D",18,"2021-10-06","c286","h001",NA,NA
"D",19,"2021-10-06","c286","h001",NA,NA
"D",20,"2021-10-06","c286","h001",NA,NA
"D",20,"2021-10-06","c102","h001",NA,NA
"D",21,"2021-10-06","c102","h001",NA,NA
"D",22,"2021-10-06","c102","h001",NA,NA
"D",22,"2021-10-06","c305","h001",NA,NA
"D",23,"2021-10-06","c305","h001",NA,NA
"D",24,"2021-10-06","c305","h001",NA,NA
"D",24,"2021-10-06","c321","h001",NA,NA
"D",25,"2021-10-06","c321","h001",NA,NA
"D",26,"2021-10-06","c321","h001",NA,NA
"D",27,"2021-10-06","c321","h001",NA,NA
"D",27,"2021-10-06","c435","h001",NA,NA
"D",28,"2021-10-06","c435","h001",NA,NA
"D",29,"2021-10-06","c435","h001",NA,NA
"D",29,"2021-10-06","c310","h001",NA,NA
"D",30,"2021-10-06","c310","h001",NA,NA
"D",31,"2021-10-06","c310","h001",NA,NA
"D",32,"2021-10-06","c310","h001",NA,NA
"D",32,"2021-10-06","c026","h001",NA,NA
"D",33,"2021-10-06","c026","h001",NA,NA
"D",34,"2021-10-06","c026","h001",NA,NA
"D",34,"2021-10-06","c343","h001",NA,NA
"D",35,"2021-10-06","c343","h001",NA,NA
"D",36,"2021-10-06","c343","h001",NA,NA
"D",37,"2021-10-06","c343","h001",NA,NA
"D",37,"2021-10-06","c151","h001",NA,NA
"D",38,"2021-10-06","c151","h001",NA,NA
"D",39,"2021-10-06","c151","h001",NA,NA
"D",0,"2021-10-07","c088","h001",NA,NA
"D",1,"2021-10-07","c088","h001",NA,NA
"D",2,"2021-10-07","c088","h001",NA,NA
"D",3,"2021-10-07","c088","h001",NA,NA
"D",3,"2021-10-07","c005","h001",NA,NA
"D",4,"2021-10-07","c005","h001",NA,NA
"D",5,"2021-10-07","c005","h001",NA,NA
"D",6,"2021-10-07","c005","h001",NA,NA
"D",6,"2021-10-07","c399","h001",NA,NA
"D",7,"2021-10-07","c399","h001",NA,NA
"D",8,"2021-10-07","c399","h001",NA,NA
"D",9,"2021-10-07","c399","h001",NA,NA
"D",9,"2021-10-07","c004","h001",NA,NA
"D",10,"2021-10-07","c004","h001",NA,NA
"D",11,"2021-10-07","c004","h001",NA,NA
"D",12,"2021-10-07","c004","h001",NA,NA
"D",13,"2021-10-07","c004","h001",NA,NA
"D",14,"2021-10-07","c004","h001",NA,NA
"D",14,"2021-10-07","c381","h001",NA,NA
"D",15,"2021-10-07","c381","h001",NA,NA
"D",16,"2021-10-07","c381","h001",NA,NA
"D",17,"2021-10-07","c381","h001",NA,NA
"D",17,"2021-10-07","c198","h001",NA,NA
"D",18,"2021-10-07","c198","h001",NA,NA
"D",19,"2021-10-07","c198","h001",NA,NA
"D",20,"2021-10-07","c198","h001",NA,NA
"D",21,"2021-10-07","c198","h001",NA,NA
"D",21,"2021-10-07","c256","h001",NA,NA
"D",22,"2021-10-07","c256","h001",NA,NA
"D",23,"2021-10-07","c256","h001",NA,NA
"D",23,"2021-10-07","c124","h001",NA,NA
"D",24,"2021-10-07","c124","h001",NA,NA
"D",25,"2021-10-07","c124","h001",NA,NA
"D",25,"2021-10-07","c377","h001",NA,NA
"D",26,"2021-10-07","c377","h001",NA,NA
"D",27,"2021-10-07","c377","h001",NA,NA
"D",27,"2021-10-07","c406","h001",NA,NA
"D",28,"2021-10-07","c406","h001",NA,NA
"D",29,"2021-10-07","c406","h001",NA,NA
"D",30,"2021-10-07","c406","h001",NA,NA
"D",31,"2021-10-07","c406","h001",NA,NA
"D",32,"2021-10-07","c406","h001",NA,NA
"D",32,"2021-10-07","c069","h001",NA,NA
"D",33,"2021-10-07","c069","h001",NA,NA
"D",34,"2021-10-07","c069","h001",NA,NA
"D",35,"2021-10-07","c069","h001",NA,NA
"D",36,"2021-10-07","c069","h001",NA,NA
"D",36,"2021-10-07","c103","h001",NA,NA
"D",37,"2021-10-07","c103","h001",NA,NA
"D",38,"2021-10-07","c103","h001",NA,NA
"D",39,"2021-10-07","c103","h001",NA,NA
"D",40,"2021-10-07","c103","h001",NA,NA
"D",40,"2021-10-07","c190","h001",NA,NA
"D",41,"2021-10-07","c190","h001",NA,NA
"D",42,"2021-10-07","c190","h001",NA,NA
"D",43,"2021-10-07","c190","h001",NA,NA
"D",43,"2021-10-07","c349","h001",NA,NA
"D",44,"2021-10-07","c349","h001",NA,NA
"D",45,"2021-10-07","c349","h001",NA,NA
"D",0,"2021-10-07","c213","h001",NA,NA
"D",1,"2021-10-07","c213","h001",NA,NA
"D",2,"2021-10-07","c213","h001",NA,NA
"D",3,"2021-10-07","c213","h001",NA,NA
"D",4,"2021-10-07","c213","h001",NA,NA
"D",5,"2021-10-07","c213","h001",NA,NA
"D",5,"2021-10-07","c468","h001",NA,NA
"D",6,"2021-10-07","c468","h001",NA,NA
"D",7,"2021-10-07","c468","h001",NA,NA
"D",7,"2021-10-07","c135","h001",NA,NA
"D",8,"2021-10-07","c135","h001",NA,NA
"D",9,"2021-10-07","c135","h001",NA,NA
"D",10,"2021-10-07","c135","h001",NA,NA
"D",10,"2021-10-07","c323","h001",NA,NA
"D",11,"2021-10-07","c323","h001",NA,NA
"D",12,"2021-10-07","c323","h001",NA,NA
"D",13,"2021-10-07","c323","h001",NA,NA
"D",14,"2021-10-07","c323","h001",NA,NA
"D",14,"2021-10-07","c277","h001",NA,NA
"D",15,"2021-10-07","c277","h001",NA,NA
"D",16,"2021-10-07","c277","h001",NA,NA
"D",16,"2021-10-07","c430","h001",NA,NA
"D",17,"2021-10-07","c430","h001",NA,NA
"D",18,"2021-10-07","c430","h001",NA,NA
"D",18,"2021-10-07","c244","h001",NA,NA
"D",19,"2021-10-07","c244","h001",NA,NA
"D",20,"2021-10-07","c244","h001",NA,NA
"D",21,"2021-10-07","c244","h001",NA,NA
"D",22,"2021-10-07","c244","h001",NA,NA
"D",23,"2021-10-07","c244","h001",NA,NA
"D",23,"2021-10-07","c129","h001",NA,NA
"D",24,"2021-10-07","c129","h001",NA,NA
"D",25,"2021-10-07","c129","h001",NA,NA
"D",26,"2021-10-07","c129","h001",NA,NA
"D",27,"2021-10-07","c129","h001",NA,NA
"D",28,"2021-10-07","c129","h001",NA,NA
"D",28,"2021-10-07","c313","h001",NA,NA
"D",29,"2021-10-07","c313","h001",NA,NA
"D",30,"2021-10-07","c313","h001",NA,NA
"D",31,"2021-10-07","c313","h001",NA,NA
"D",31,"2021-10-07","c334","h001",NA,NA
"D",32,"2021-10-07","c334","h001",NA,NA
"D",33,"2021-10-07","c334","h001",NA,NA
"D",34,"2021-10-07","c334","h001",NA,NA
"D",35,"2021-10-07","c334","h001",NA,NA
"D",35,"2021-10-07","c173","h001",NA,NA
"D",36,"2021-10-07","c173","h001",NA,NA
"D",37,"2021-10-07","c173","h001",NA,NA
"D",38,"2021-10-07","c173","h001",NA,NA
"D",39,"2021-10-07","c173","h001",NA,NA
"D",39,"2021-10-07","c083","h001",NA,NA
"D",40,"2021-10-07","c083","h001",NA,NA
"D",41,"2021-10-07","c083","h001",NA,NA
"D",41,"2021-10-07","c352","h001",NA,NA
"D",42,"2021-10-07","c352","h001",NA,NA
"D",43,"2021-10-07","c352","h001",NA,NA
"D",44,"2021-10-07","c352","h001",NA,NA
"D",44,"2021-10-07","c085","h001",NA,NA
"D",45,"2021-10-07","c085","h001",NA,NA
"D",46,"2021-10-07","c085","h001",NA,NA
"D",0,"2021-10-08","c235","h001",NA,NA
"D",1,"2021-10-08","c235","h001",NA,NA
"D",2,"2021-10-08","c235","h001",NA,NA
"D",3,"2021-10-08","c235","h001",NA,NA
"D",4,"2021-10-08","c235","h001",NA,NA
"D",4,"2021-10-08","c242","h001",NA,NA
"D",5,"2021-10-08","c242","h001",NA,NA
"D",6,"2021-10-08","c242","h001",NA,NA
"D",7,"2021-10-08","c242","h001",NA,NA
"D",8,"2021-10-08","c242","h001",NA,NA
"D",8,"2021-10-08","c202","h001",NA,NA
"D",9,"2021-10-08","c202","h001",NA,NA
"D",10,"2021-10-08","c202","h001",NA,NA
"D",11,"2021-10-08","c202","h001",NA,NA
"D",12,"2021-10-08","c202","h001",NA,NA
"D",12,"2021-10-08","c132","h001",NA,NA
"D",13,"2021-10-08","c132","h001",NA,NA
"D",14,"2021-10-08","c132","h001",NA,NA
"D",14,"2021-10-08","c463","h001",NA,NA
"D",15,"2021-10-08","c463","h001",NA,NA
"D",16,"2021-10-08","c463","h001",NA,NA
"D",17,"2021-10-08","c463","h001",NA,NA
"D",17,"2021-10-08","c472","h001",NA,NA
"D",18,"2021-10-08","c472","h001",NA,NA
"D",19,"2021-10-08","c472","h001",NA,NA
"D",20,"2021-10-08","c472","h001",NA,NA
"D",20,"2021-10-08","c263","h001",NA,NA
"D",21,"2021-10-08","c263","h001",NA,NA
"D",22,"2021-10-08","c263","h001",NA,NA
"D",22,"2021-10-08","c143","h001",NA,NA
"D",23,"2021-10-08","c143","h001",NA,NA
"D",24,"2021-10-08","c143","h001",NA,NA
"D",25,"2021-10-08","c143","h001",NA,NA
"D",26,"2021-10-08","c143","h001",NA,NA
"D",26,"2021-10-08","c358","h001",NA,NA
"D",27,"2021-10-08","c358","h001",NA,NA
"D",28,"2021-10-08","c358","h001",NA,NA
"D",28,"2021-10-08","c164","h001",NA,NA
"D",29,"2021-10-08","c164","h001",NA,NA
"D",30,"2021-10-08","c164","h001",NA,NA
"D",30,"2021-10-08","c495","h001",NA,NA
"D",31,"2021-10-08","c495","h001",NA,NA
"D",32,"2021-10-08","c495","h001",NA,NA
"D",33,"2021-10-08","c495","h001",NA,NA
"D",33,"2021-10-08","c147","h001",NA,NA
"D",34,"2021-10-08","c147","h001",NA,NA
"D",35,"2021-10-08","c147","h001",NA,NA
"D",36,"2021-10-08","c147","h001",NA,NA
"D",36,"2021-10-08","c247","h001",NA,NA
"D",37,"2021-10-08","c247","h001",NA,NA
"D",38,"2021-10-08","c247","h001",NA,NA
"D",39,"2021-10-08","c247","h001",NA,NA
"D",40,"2021-10-08","c247","h001",NA,NA
"D",41,"2021-10-08","c247","h001",NA,NA
"D",41,"2021-10-08","c071","h001",NA,NA
"D",42,"2021-10-08","c071","h001",NA,NA
"D",43,"2021-10-08","c071","h001",NA,NA
"D",44,"2021-10-08","c071","h001",NA,NA
"D",45,"2021-10-08","c071","h001",NA,NA
"D",0,"2021-10-08","c395","h001",NA,NA
"D",1,"2021-10-08","c395","h001",NA,NA
"D",2,"2021-10-08","c395","h001",NA,NA
"D",3,"2021-10-08","c395","h001",NA,NA
"D",4,"2021-10-08","c395","h001",NA,NA
"D",4,"2021-10-08","c485","h001",NA,NA
"D",5,"2021-10-08","c485","h001",NA,NA
"D",6,"2021-10-08","c485","h001",NA,NA
"D",7,"2021-10-08","c485","h001",NA,NA
"D",8,"2021-10-08","c485","h001",NA,NA
"D",8,"2021-10-08","c499","h001",NA,NA
"D",9,"2021-10-08","c499","h001",NA,NA
"D",10,"2021-10-08","c499","h001",NA,NA
"D",11,"2021-10-08","c499","h001",NA,NA
"D",12,"2021-10-08","c499","h001",NA,NA
"D",13,"2021-10-08","c499","h001",NA,NA
"D",13,"2021-10-08","c385","h001",NA,NA
"D",14,"2021-10-08","c385","h001",NA,NA
"D",15,"2021-10-08","c385","h001",NA,NA
"D",16,"2021-10-08","c385","h001",NA,NA
"D",17,"2021-10-08","c385","h001",NA,NA
"D",17,"2021-10-08","c252","h001",NA,NA
"D",18,"2021-10-08","c252","h001",NA,NA
"D",19,"2021-10-08","c252","h001",NA,NA
"D",20,"2021-10-08","c252","h001",NA,NA
"D",21,"2021-10-08","c252","h001",NA,NA
"D",22,"2021-10-08","c252","h001",NA,NA
"D",22,"2021-10-08","c209","h001",NA,NA
"D",23,"2021-10-08","c209","h001",NA,NA
"D",24,"2021-10-08","c209","h001",NA,NA
"D",24,"2021-10-08","c237","h001",NA,NA
"D",25,"2021-10-08","c237","h001",NA,NA
"D",26,"2021-10-08","c237","h001",NA,NA
"D",27,"2021-10-08","c237","h001",NA,NA
"D",28,"2021-10-08","c237","h001",NA,NA
"D",29,"2021-10-08","c237","h001",NA,NA
"D",29,"2021-10-08","c088","h001",NA,NA
"D",30,"2021-10-08","c088","h001",NA,NA
"D",31,"2021-10-08","c088","h001",NA,NA
"D",32,"2021-10-08","c088","h001",NA,NA
"D",32,"2021-10-08","c382","h001",NA,NA
"D",33,"2021-10-08","c382","h001",NA,NA
"D",34,"2021-10-08","c382","h001",NA,NA
"D",35,"2021-10-08","c382","h001",NA,NA
"D",36,"2021-10-08","c382","h001",NA,NA
"D",36,"2021-10-08","c306","h001",NA,NA
"D",37,"2021-10-08","c306","h001",NA,NA
"D",38,"2021-10-08","c306","h001",NA,NA
"D",39,"2021-10-08","c306","h001",NA,NA
"D",40,"2021-10-08","c306","h001",NA,NA
"D",41,"2021-10-08","c306","h001",NA,NA
"D",0,"2021-10-09","c058","h001",NA,NA
"D",1,"2021-10-09","c058","h001",NA,NA
"D",2,"2021-10-09","c058","h001",NA,NA
"D",3,"2021-10-09","c058","h001",NA,NA
"D",3,"2021-10-09","c156","h001",NA,NA
"D",4,"2021-10-09","c156","h001",NA,NA
"D",5,"2021-10-09","c156","h001",NA,NA
"D",6,"2021-10-09","c156","h001",NA,NA
"D",7,"2021-10-09","c156","h001",NA,NA
"D",7,"2021-10-09","c422","h001",NA,NA
"D",8,"2021-10-09","c422","h001",NA,NA
"D",9,"2021-10-09","c422","h001",NA,NA
"D",10,"2021-10-09","c422","h001",NA,NA
"D",11,"2021-10-09","c422","h001",NA,NA
"D",11,"2021-10-09","c356","h001",NA,NA
"D",12,"2021-10-09","c356","h001",NA,NA
"D",13,"2021-10-09","c356","h001",NA,NA
"D",14,"2021-10-09","c356","h001",NA,NA
"D",15,"2021-10-09","c356","h001",NA,NA
"D",15,"2021-10-09","c284","h001",NA,NA
"D",16,"2021-10-09","c284","h001",NA,NA
"D",17,"2021-10-09","c284","h001",NA,NA
"D",17,"2021-10-09","c308","h001",NA,NA
"D",18,"2021-10-09","c308","h001",NA,NA
"D",19,"2021-10-09","c308","h001",NA,NA
"D",20,"2021-10-09","c308","h001",NA,NA
"D",21,"2021-10-09","c308","h001",NA,NA
"D",22,"2021-10-09","c308","h001",NA,NA
"D",22,"2021-10-09","c172","h001",NA,NA
"D",23,"2021-10-09","c172","h001",NA,NA
"D",24,"2021-10-09","c172","h001",NA,NA
"D",25,"2021-10-09","c172","h001",NA,NA
"D",25,"2021-10-09","c141","h001",NA,NA
"D",26,"2021-10-09","c141","h001",NA,NA
"D",27,"2021-10-09","c141","h001",NA,NA
"D",27,"2021-10-09","c119","h001",NA,NA
"D",28,"2021-10-09","c119","h001",NA,NA
"D",29,"2021-10-09","c119","h001",NA,NA
"D",29,"2021-10-09","c114","h001",NA,NA
"D",30,"2021-10-09","c114","h001",NA,NA
"D",31,"2021-10-09","c114","h001",NA,NA
"D",32,"2021-10-09","c114","h001",NA,NA
"D",32,"2021-10-09","c357","h001",NA,NA
"D",33,"2021-10-09","c357","h001",NA,NA
"D",34,"2021-10-09","c357","h001",NA,NA
"D",35,"2021-10-09","c357","h001",NA,NA
"D",36,"2021-10-09","c357","h001",NA,NA
"D",36,"2021-10-09","c069","h001",NA,NA
"D",37,"2021-10-09","c069","h001",NA,NA
"D",38,"2021-10-09","c069","h001",NA,NA
"D",39,"2021-10-09","c069","h001",NA,NA
"D",39,"2021-10-09","c368","h001",NA,NA
"D",40,"2021-10-09","c368","h001",NA,NA
"D",41,"2021-10-09","c368","h001",NA,NA
"D",42,"2021-10-09","c368","h001",NA,NA
"D",43,"2021-10-09","c368","h001",NA,NA
"D",44,"2021-10-09","c368","h001",NA,NA
"D",44,"2021-10-09","c186","h001",NA,NA
"D",45,"2021-10-09","c186","h001",NA,NA
"D",46,"2021-10-09","c186","h001",NA,NA
"D",47,"2021-10-09","c186","h001",NA,NA
"D",0,"2021-10-09","c034","h001",NA,NA
"D",1,"2021-10-09","c034","h001",NA,NA
"D",2,"2021-10-09","c034","h001",NA,NA
"D",3,"2021-10-09","c034","h001",NA,NA
"D",4,"2021-10-09","c034","h001",NA,NA
"D",4,"2021-10-09","c136","h001",NA,NA
"D",5,"2021-10-09","c136","h001",NA,NA
"D",6,"2021-10-09","c136","h001",NA,NA
"D",7,"2021-10-09","c136","h001",NA,NA
"D",7,"2021-10-09","c142","h001",NA,NA
"D",8,"2021-10-09","c142","h001",NA,NA
"D",9,"2021-10-09","c142","h001",NA,NA
"D",10,"2021-10-09","c142","h001",NA,NA
"D",11,"2021-10-09","c142","h001",NA,NA
"D",12,"2021-10-09","c142","h001",NA,NA
"D",12,"2021-10-09","c100","h001",NA,NA
"D",13,"2021-10-09","c100","h001",NA,NA
"D",14,"2021-10-09","c100","h001",NA,NA
"D",15,"2021-10-09","c100","h001",NA,NA
"D",16,"2021-10-09","c100","h001",NA,NA
"D",17,"2021-10-09","c100","h001",NA,NA
"D",17,"2021-10-09","c195","h001",NA,NA
"D",18,"2021-10-09","c195","h001",NA,NA
"D",19,"2021-10-09","c195","h001",NA,NA
"D",20,"2021-10-09","c195","h001",NA,NA
"D",20,"2021-10-09","c209","h001",NA,NA
"D",21,"2021-10-09","c209","h001",NA,NA
"D",22,"2021-10-09","c209","h001",NA,NA
"D",22,"2021-10-09","c040","h001",NA,NA
"D",23,"2021-10-09","c040","h001",NA,NA
"D",24,"2021-10-09","c040","h001",NA,NA
"D",25,"2021-10-09","c040","h001",NA,NA
"D",25,"2021-10-09","c321","h001",NA,NA
"D",26,"2021-10-09","c321","h001",NA,NA
"D",27,"2021-10-09","c321","h001",NA,NA
"D",28,"2021-10-09","c321","h001",NA,NA
"D",29,"2021-10-09","c321","h001",NA,NA
"D",0,"2021-10-10","c029","h001",NA,NA
"D",1,"2021-10-10","c029","h001",NA,NA
"D",2,"2021-10-10","c029","h001",NA,NA
"D",3,"2021-10-10","c029","h001",NA,NA
"D",4,"2021-10-10","c029","h001",NA,NA
"D",5,"2021-10-10","c029","h001",NA,NA
"D",5,"2021-10-10","c271","h001",NA,NA
"D",6,"2021-10-10","c271","h001",NA,NA
"D",7,"2021-10-10","c271","h001",NA,NA
"D",8,"2021-10-10","c271","h001",NA,NA
"D",9,"2021-10-10","c271","h001",NA,NA
"D",10,"2021-10-10","c271","h001",NA,NA
"D",10,"2021-10-10","c367","h001",NA,NA
"D",11,"2021-10-10","c367","h001",NA,NA
"D",12,"2021-10-10","c367","h001",NA,NA
"D",13,"2021-10-10","c367","h001",NA,NA
"D",13,"2021-10-10","c425","h001",NA,NA
"D",14,"2021-10-10","c425","h001",NA,NA
"D",15,"2021-10-10","c425","h001",NA,NA
"D",16,"2021-10-10","c425","h001",NA,NA
"D",17,"2021-10-10","c425","h001",NA,NA
"D",17,"2021-10-10","c138","h001",NA,NA
"D",18,"2021-10-10","c138","h001",NA,NA
"D",19,"2021-10-10","c138","h001",NA,NA
"D",20,"2021-10-10","c138","h001",NA,NA
"D",21,"2021-10-10","c138","h001",NA,NA
"D",21,"2021-10-10","c078","h001",NA,NA
"D",22,"2021-10-10","c078","h001",NA,NA
"D",23,"2021-10-10","c078","h001",NA,NA
"D",24,"2021-10-10","c078","h001",NA,NA
"D",25,"2021-10-10","c078","h001",NA,NA
"D",25,"2021-10-10","c118","h001",NA,NA
"D",26,"2021-10-10","c118","h001",NA,NA
"D",27,"2021-10-10","c118","h001",NA,NA
"D",27,"2021-10-10","c004","h001",NA,NA
"D",28,"2021-10-10","c004","h001",NA,NA
"D",29,"2021-10-10","c004","h001",NA,NA
"D",30,"2021-10-10","c004","h001",NA,NA
"D",31,"2021-10-10","c004","h001",NA,NA
"D",32,"2021-10-10","c004","h001",NA,NA
"D",32,"2021-10-10","c029","h001",NA,NA
"D",33,"2021-10-10","c029","h001",NA,NA
"D",34,"2021-10-10","c029","h001",NA,NA
"D",35,"2021-10-10","c029","h001",NA,NA
"D",36,"2021-10-10","c029","h001",NA,NA
"D",36,"2021-10-10","c022","h001",NA,NA
"D",37,"2021-10-10","c022","h001",NA,NA
"D",38,"2021-10-10","c022","h001",NA,NA
"D",39,"2021-10-10","c022","h001",NA,NA
"D",40,"2021-10-10","c022","h001",NA,NA
"D",40,"2021-10-10","c313","h001",NA,NA
"D",41,"2021-10-10","c313","h001",NA,NA
"D",42,"2021-10-10","c313","h001",NA,NA
"D",43,"2021-10-10","c313","h001",NA,NA
"D",43,"2021-10-10","c230","h001",NA,NA
"D",44,"2021-10-10","c230","h001",NA,NA
"D",45,"2021-10-10","c230","h001",NA,NA
"D",46,"2021-10-10","c230","h001",NA,NA
"D",0,"2021-10-10","c223","h001",NA,NA
"D",1,"2021-10-10","c223","h001",NA,NA
"D",2,"2021-10-10","c223","h001",NA,NA
"D",3,"2021-10-10","c223","h001",NA,NA
"D",4,"2021-10-10","c223","h001",NA,NA
"D",5,"2021-10-10","c223","h001",NA,NA
"D",5,"2021-10-10","c238","h001",NA,NA
"D",6,"2021-10-10","c238","h001",NA,NA
"D",7,"2021-10-10","c238","h001",NA,NA
"D",8,"2021-10-10","c238","h001",NA,NA
"D",9,"2021-10-10","c238","h001",NA,NA
"D",9,"2021-10-10","c192","h001",NA,NA
"D",10,"2021-10-10","c192","h001",NA,NA
"D",11,"2021-10-10","c192","h001",NA,NA
"D",11,"2021-10-10","c159","h001",NA,NA
"D",12,"2021-10-10","c159","h001",NA,NA
"D",13,"2021-10-10","c159","h001",NA,NA
"D",13,"2021-10-10","c384","h001",NA,NA
"D",14,"2021-10-10","c384","h001",NA,NA
"D",15,"2021-10-10","c384","h001",NA,NA
"D",15,"2021-10-10","c059","h001",NA,NA
"D",16,"2021-10-10","c059","h001",NA,NA
"D",17,"2021-10-10","c059","h001",NA,NA
"D",17,"2021-10-10","c136","h001",NA,NA
"D",18,"2021-10-10","c136","h001",NA,NA
"D",19,"2021-10-10","c136","h001",NA,NA
"D",20,"2021-10-10","c136","h001",NA,NA
"D",21,"2021-10-10","c136","h001",NA,NA
"D",22,"2021-10-10","c136","h001",NA,NA
"D",22,"2021-10-10","c053","h001",NA,NA
"D",23,"2021-10-10","c053","h001",NA,NA
"D",24,"2021-10-10","c053","h001",NA,NA
"D",25,"2021-10-10","c053","h001",NA,NA
"D",26,"2021-10-10","c053","h001",NA,NA
"D",26,"2021-10-10","c457","h001",NA,NA
"D",27,"2021-10-10","c457","h001",NA,NA
"D",28,"2021-10-10","c457","h001",NA,NA
"D",29,"2021-10-10","c457","h001",NA,NA
"E",0,"2021-10-01","c273","h001",NA,NA
"E",1,"2021-10-01","c273","h001",NA,NA
"E",2,"2021-10-01","c273","h001",NA,NA
"E",2,"2021-10-01","c433","h001",NA,NA
"E",3,"2021-10-01","c433","h001",NA,NA
"E",4,"2021-10-01","c433","h001",NA,NA
"E",5,"2021-10-01","c433","h001",NA,NA
"E",6,"2021-10-01","c433","h001",NA,NA
"E",7,"2021-10-01","c433","h001",NA,NA
"E",7,"2021-10-01","c100","h001",NA,NA
"E",8,"2021-10-01","c100","h001",NA,NA
"E",9,"2021-10-01","c100","h001",NA,NA
"E",10,"2021-10-01","c100","h001",NA,NA
"E",10,"2021-10-01","c449","h001",NA,NA
"E",11,"2021-10-01","c449","h001",NA,NA
"E",12,"2021-10-01","c449","h001",NA,NA
"E",13,"2021-10-01","c449","h001",NA,NA
"E",13,"2021-10-01","c364","h001",NA,NA
"E",14,"2021-10-01","c364","h001",NA,NA
"E",15,"2021-10-01","c364","h001",NA,NA
"E",16,"2021-10-01","c364","h001",NA,NA
"E",17,"2021-10-01","c364","h001",NA,NA
"E",17,"2021-10-01","c202","h001",NA,NA
"E",18,"2021-10-01","c202","h001",NA,NA
"E",19,"2021-10-01","c202","h001",NA,NA
"E",20,"2021-10-01","c202","h001",NA,NA
"E",21,"2021-10-01","c202","h001",NA,NA
"E",22,"2021-10-01","c202","h001",NA,NA
"E",22,"2021-10-01","c257","h001",NA,NA
"E",23,"2021-10-01","c257","h001",NA,NA
"E",24,"2021-10-01","c257","h001",NA,NA
"E",24,"2021-10-01","c392","h001",NA,NA
"E",25,"2021-10-01","c392","h001",NA,NA
"E",26,"2021-10-01","c392","h001",NA,NA
"E",27,"2021-10-01","c392","h001",NA,NA
"E",28,"2021-10-01","c392","h001",NA,NA
"E",28,"2021-10-01","c370","h001",NA,NA
"E",29,"2021-10-01","c370","h001",NA,NA
"E",30,"2021-10-01","c370","h001",NA,NA
"E",31,"2021-10-01","c370","h001",NA,NA
"E",31,"2021-10-01","c330","h001",NA,NA
"E",32,"2021-10-01","c330","h001",NA,NA
"E",33,"2021-10-01","c330","h001",NA,NA
"E",34,"2021-10-01","c330","h001",NA,NA
"E",35,"2021-10-01","c330","h001",NA,NA
"E",36,"2021-10-01","c330","h001",NA,NA
"E",36,"2021-10-01","c347","h001",NA,NA
"E",37,"2021-10-01","c347","h001",NA,NA
"E",38,"2021-10-01","c347","h001",NA,NA
"E",39,"2021-10-01","c347","h001",NA,NA
"E",39,"2021-10-01","c267","h001",NA,NA
"E",40,"2021-10-01","c267","h001",NA,NA
"E",41,"2021-10-01","c267","h001",NA,NA
"E",41,"2021-10-01","c030","h001",NA,NA
"E",42,"2021-10-01","c030","h001",NA,NA
"E",43,"2021-10-01","c030","h001",NA,NA
"E",43,"2021-10-01","c387","h001",NA,NA
"E",44,"2021-10-01","c387","h001",NA,NA
"E",45,"2021-10-01","c387","h001",NA,NA
"E",46,"2021-10-01","c387","h001",NA,NA
"E",0,"2021-10-01","c067","h001",NA,NA
"E",1,"2021-10-01","c067","h001",NA,NA
"E",2,"2021-10-01","c067","h001",NA,NA
"E",3,"2021-10-01","c067","h001",NA,NA
"E",4,"2021-10-01","c067","h001",NA,NA
"E",4,"2021-10-01","c263","h001",NA,NA
"E",5,"2021-10-01","c263","h001",NA,NA
"E",6,"2021-10-01","c263","h001",NA,NA
"E",7,"2021-10-01","c263","h001",NA,NA
"E",7,"2021-10-01","c190","h001",NA,NA
"E",8,"2021-10-01","c190","h001",NA,NA
"E",9,"2021-10-01","c190","h001",NA,NA
"E",10,"2021-10-01","c190","h001",NA,NA
"E",10,"2021-10-01","c447","h001",NA,NA
"E",11,"2021-10-01","c447","h001",NA,NA
"E",12,"2021-10-01","c447","h001",NA,NA
"E",13,"2021-10-01","c447","h001",NA,NA
"E",13,"2021-10-01","c046","h001",NA,NA
"E",14,"2021-10-01","c046","h001",NA,NA
"E",15,"2021-10-01","c046","h001",NA,NA
"E",15,"2021-10-01","c060","h001",NA,NA
"E",16,"2021-10-01","c060","h001",NA,NA
"E",17,"2021-10-01","c060","h001",NA,NA
"E",18,"2021-10-01","c060","h001",NA,NA
"E",19,"2021-10-01","c060","h001",NA,NA
"E",19,"2021-10-01","c058","h001",NA,NA
"E",20,"2021-10-01","c058","h001",NA,NA
"E",21,"2021-10-01","c058","h001",NA,NA
"E",22,"2021-10-01","c058","h001",NA,NA
"E",23,"2021-10-01","c058","h001",NA,NA
"E",23,"2021-10-01","c202","h001",NA,NA
"E",24,"2021-10-01","c202","h001",NA,NA
"E",25,"2021-10-01","c202","h001",NA,NA
"E",25,"2021-10-01","c108","h001",NA,NA
"E",26,"2021-10-01","c108","h001",NA,NA
"E",27,"2021-10-01","c108","h001",NA,NA
"E",27,"2021-10-01","c035","h001",NA,NA
"E",28,"2021-10-01","c035","h001",NA,NA
"E",29,"2021-10-01","c035","h001",NA,NA
"E",30,"2021-10-01","c035","h001",NA,NA
"E",30,"2021-10-01","c467","h001",NA,NA
"E",31,"2021-10-01","c467","h001",NA,NA
"E",32,"2021-10-01","c467","h001",NA,NA
"E",33,"2021-10-01","c467","h001",NA,NA
"E",34,"2021-10-01","c467","h001",NA,NA
"E",35,"2021-10-01","c467","h001",NA,NA
"E",35,"2021-10-01","c303","h001",NA,NA
"E",36,"2021-10-01","c303","h001",NA,NA
"E",37,"2021-10-01","c303","h001",NA,NA
"E",38,"2021-10-01","c303","h001",NA,NA
"E",38,"2021-10-01","c086","h001",NA,NA
"E",39,"2021-10-01","c086","h001",NA,NA
"E",40,"2021-10-01","c086","h001",NA,NA
"E",41,"2021-10-01","c086","h001",NA,NA
"E",42,"2021-10-01","c086","h001",NA,NA
"E",42,"2021-10-01","c323","h001",NA,NA
"E",43,"2021-10-01","c323","h001",NA,NA
"E",44,"2021-10-01","c323","h001",NA,NA
"E",45,"2021-10-01","c323","h001",NA,NA
"E",0,"2021-10-01","c145","h001",NA,NA
"E",1,"2021-10-01","c145","h001",NA,NA
"E",2,"2021-10-01","c145","h001",NA,NA
"E",3,"2021-10-01","c145","h001",NA,NA
"E",4,"2021-10-01","c145","h001",NA,NA
"E",5,"2021-10-01","c145","h001",NA,NA
"E",5,"2021-10-01","c279","h001",NA,NA
"E",6,"2021-10-01","c279","h001",NA,NA
"E",7,"2021-10-01","c279","h001",NA,NA
"E",8,"2021-10-01","c279","h001",NA,NA
"E",9,"2021-10-01","c279","h001",NA,NA
"E",9,"2021-10-01","c321","h001",NA,NA
"E",10,"2021-10-01","c321","h001",NA,NA
"E",11,"2021-10-01","c321","h001",NA,NA
"E",12,"2021-10-01","c321","h001",NA,NA
"E",12,"2021-10-01","c407","h001",NA,NA
"E",13,"2021-10-01","c407","h001",NA,NA
"E",14,"2021-10-01","c407","h001",NA,NA
"E",15,"2021-10-01","c407","h001",NA,NA
"E",15,"2021-10-01","c374","h001",NA,NA
"E",16,"2021-10-01","c374","h001",NA,NA
"E",17,"2021-10-01","c374","h001",NA,NA
"E",18,"2021-10-01","c374","h001",NA,NA
"E",18,"2021-10-01","c464","h001",NA,NA
"E",19,"2021-10-01","c464","h001",NA,NA
"E",20,"2021-10-01","c464","h001",NA,NA
"E",20,"2021-10-01","c012","h001",NA,NA
"E",21,"2021-10-01","c012","h001",NA,NA
"E",22,"2021-10-01","c012","h001",NA,NA
"E",23,"2021-10-01","c012","h001",NA,NA
"E",24,"2021-10-01","c012","h001",NA,NA
"E",24,"2021-10-01","c086","h001",NA,NA
"E",25,"2021-10-01","c086","h001",NA,NA
"E",26,"2021-10-01","c086","h001",NA,NA
"E",27,"2021-10-01","c086","h001",NA,NA
"E",28,"2021-10-01","c086","h001",NA,NA
"E",29,"2021-10-01","c086","h001",NA,NA
"E",29,"2021-10-01","c109","h001",NA,NA
"E",30,"2021-10-01","c109","h001",NA,NA
"E",31,"2021-10-01","c109","h001",NA,NA
"E",31,"2021-10-01","c381","h001",NA,NA
"E",32,"2021-10-01","c381","h001",NA,NA
"E",33,"2021-10-01","c381","h001",NA,NA
"E",33,"2021-10-01","c461","h001",NA,NA
"E",34,"2021-10-01","c461","h001",NA,NA
"E",35,"2021-10-01","c461","h001",NA,NA
"E",36,"2021-10-01","c461","h001",NA,NA
"E",37,"2021-10-01","c461","h001",NA,NA
"E",38,"2021-10-01","c461","h001",NA,NA
"E",38,"2021-10-01","c116","h001",NA,NA
"E",39,"2021-10-01","c116","h001",NA,NA
"E",40,"2021-10-01","c116","h001",NA,NA
"E",41,"2021-10-01","c116","h001",NA,NA
"E",42,"2021-10-01","c116","h001",NA,NA
"E",43,"2021-10-01","c116","h001",NA,NA
"E",43,"2021-10-01","c274","h001",NA,NA
"E",44,"2021-10-01","c274","h001",NA,NA
"E",45,"2021-10-01","c274","h001",NA,NA
"E",45,"2021-10-01","c307","h001",NA,NA
"E",46,"2021-10-01","c307","h001",NA,NA
"E",47,"2021-10-01","c307","h001",NA,NA
"E",0,"2021-10-01","c386","h001",NA,NA
"E",1,"2021-10-01","c386","h001",NA,NA
"E",2,"2021-10-01","c386","h001",NA,NA
"E",2,"2021-10-01","c281","h001",NA,NA
"E",3,"2021-10-01","c281","h001",NA,NA
"E",4,"2021-10-01","c281","h001",NA,NA
"E",5,"2021-10-01","c281","h001",NA,NA
"E",6,"2021-10-01","c281","h001",NA,NA
"E",6,"2021-10-01","c416","h001",NA,NA
"E",7,"2021-10-01","c416","h001",NA,NA
"E",8,"2021-10-01","c416","h001",NA,NA
"E",9,"2021-10-01","c416","h001",NA,NA
"E",10,"2021-10-01","c416","h001",NA,NA
"E",11,"2021-10-01","c416","h001",NA,NA
"E",11,"2021-10-01","c196","h001",NA,NA
"E",12,"2021-10-01","c196","h001",NA,NA
"E",13,"2021-10-01","c196","h001",NA,NA
"E",14,"2021-10-01","c196","h001",NA,NA
"E",14,"2021-10-01","c374","h001",NA,NA
"E",15,"2021-10-01","c374","h001",NA,NA
"E",16,"2021-10-01","c374","h001",NA,NA
"E",17,"2021-10-01","c374","h001",NA,NA
"E",17,"2021-10-01","c483","h001",NA,NA
"E",18,"2021-10-01","c483","h001",NA,NA
"E",19,"2021-10-01","c483","h001",NA,NA
"E",19,"2021-10-01","c332","h001",NA,NA
"E",20,"2021-10-01","c332","h001",NA,NA
"E",21,"2021-10-01","c332","h001",NA,NA
"E",21,"2021-10-01","c300","h001",NA,NA
"E",22,"2021-10-01","c300","h001",NA,NA
"E",23,"2021-10-01","c300","h001",NA,NA
"E",24,"2021-10-01","c300","h001",NA,NA
"E",25,"2021-10-01","c300","h001",NA,NA
"E",26,"2021-10-01","c300","h001",NA,NA
"E",26,"2021-10-01","c097","h001",NA,NA
"E",27,"2021-10-01","c097","h001",NA,NA
"E",28,"2021-10-01","c097","h001",NA,NA
"E",29,"2021-10-01","c097","h001",NA,NA
"E",30,"2021-10-01","c097","h001",NA,NA
"E",31,"2021-10-01","c097","h001",NA,NA
"E",31,"2021-10-01","c015","h001",NA,NA
"E",32,"2021-10-01","c015","h001",NA,NA
"E",33,"2021-10-01","c015","h001",NA,NA
"E",34,"2021-10-01","c015","h001",NA,NA
"E",34,"2021-10-01","c255","h001",NA,NA
"E",35,"2021-10-01","c255","h001",NA,NA
"E",36,"2021-10-01","c255","h001",NA,NA
"E",37,"2021-10-01","c255","h001",NA,NA
"E",38,"2021-10-01","c255","h001",NA,NA
"E",39,"2021-10-01","c255","h001",NA,NA
"E",39,"2021-10-01","c424","h001",NA,NA
"E",40,"2021-10-01","c424","h001",NA,NA
"E",41,"2021-10-01","c424","h001",NA,NA
"E",42,"2021-10-01","c424","h001",NA,NA
"E",43,"2021-10-01","c424","h001",NA,NA
"E",43,"2021-10-01","c184","h001",NA,NA
"E",44,"2021-10-01","c184","h001",NA,NA
"E",45,"2021-10-01","c184","h001",NA,NA
"E",46,"2021-10-01","c184","h001",NA,NA
"E",0,"2021-10-01","c406","h001",NA,NA
"E",1,"2021-10-01","c406","h001",NA,NA
"E",2,"2021-10-01","c406","h001",NA,NA
"E",3,"2021-10-01","c406","h001",NA,NA
"E",3,"2021-10-01","c406","h001",NA,NA
"E",4,"2021-10-01","c406","h001",NA,NA
"E",5,"2021-10-01","c406","h001",NA,NA
"E",6,"2021-10-01","c406","h001",NA,NA
"E",6,"2021-10-01","c370","h001",NA,NA
"E",7,"2021-10-01","c370","h001",NA,NA
"E",8,"2021-10-01","c370","h001",NA,NA
"E",9,"2021-10-01","c370","h001",NA,NA
"E",9,"2021-10-01","c433","h001",NA,NA
"E",10,"2021-10-01","c433","h001",NA,NA
"E",11,"2021-10-01","c433","h001",NA,NA
"E",12,"2021-10-01","c433","h001",NA,NA
"E",13,"2021-10-01","c433","h001",NA,NA
"E",14,"2021-10-01","c433","h001",NA,NA
"E",14,"2021-10-01","c458","h001",NA,NA
"E",15,"2021-10-01","c458","h001",NA,NA
"E",16,"2021-10-01","c458","h001",NA,NA
"E",17,"2021-10-01","c458","h001",NA,NA
"E",18,"2021-10-01","c458","h001",NA,NA
"E",19,"2021-10-01","c458","h001",NA,NA
"E",19,"2021-10-01","c037","h001",NA,NA
"E",20,"2021-10-01","c037","h001",NA,NA
"E",21,"2021-10-01","c037","h001",NA,NA
"E",22,"2021-10-01","c037","h001",NA,NA
"E",22,"2021-10-01","c286","h001",NA,NA
"E",23,"2021-10-01","c286","h001",NA,NA
"E",24,"2021-10-01","c286","h001",NA,NA
"E",25,"2021-10-01","c286","h001",NA,NA
"E",25,"2021-10-01","c298","h001",NA,NA
"E",26,"2021-10-01","c298","h001",NA,NA
"E",27,"2021-10-01","c298","h001",NA,NA
"E",27,"2021-10-01","c041","h001",NA,NA
"E",28,"2021-10-01","c041","h001",NA,NA
"E",29,"2021-10-01","c041","h001",NA,NA
"E",30,"2021-10-01","c041","h001",NA,NA
"E",30,"2021-10-01","c381","h001",NA,NA
"E",31,"2021-10-01","c381","h001",NA,NA
"E",32,"2021-10-01","c381","h001",NA,NA
"E",33,"2021-10-01","c381","h001",NA,NA
"E",33,"2021-10-01","c106","h001",NA,NA
"E",34,"2021-10-01","c106","h001",NA,NA
"E",35,"2021-10-01","c106","h001",NA,NA
"E",36,"2021-10-01","c106","h001",NA,NA
"E",37,"2021-10-01","c106","h001",NA,NA
"E",38,"2021-10-01","c106","h001",NA,NA
"E",38,"2021-10-01","c158","h001",NA,NA
"E",39,"2021-10-01","c158","h001",NA,NA
"E",40,"2021-10-01","c158","h001",NA,NA
"E",41,"2021-10-01","c158","h001",NA,NA
"E",42,"2021-10-01","c158","h001",NA,NA
"E",43,"2021-10-01","c158","h001",NA,NA
"E",43,"2021-10-01","c050","h001",NA,NA
"E",44,"2021-10-01","c050","h001",NA,NA
"E",45,"2021-10-01","c050","h001",NA,NA
"E",46,"2021-10-01","c050","h001",NA,NA
"E",47,"2021-10-01","c050","h001",NA,NA
"E",0,"2021-10-01","c062","h001",NA,NA
"E",1,"2021-10-01","c062","h001",NA,NA
"E",2,"2021-10-01","c062","h001",NA,NA
"E",2,"2021-10-01","c449","h001",NA,NA
"E",3,"2021-10-01","c449","h001",NA,NA
"E",4,"2021-10-01","c449","h001",NA,NA
"E",5,"2021-10-01","c449","h001",NA,NA
"E",6,"2021-10-01","c449","h001",NA,NA
"E",6,"2021-10-01","c250","h001",NA,NA
"E",7,"2021-10-01","c250","h001",NA,NA
"E",8,"2021-10-01","c250","h001",NA,NA
"E",9,"2021-10-01","c250","h001",NA,NA
"E",0,"2021-10-02","c356","h001",NA,NA
"E",1,"2021-10-02","c356","h001",NA,NA
"E",2,"2021-10-02","c356","h001",NA,NA
"E",3,"2021-10-02","c356","h001",NA,NA
"E",3,"2021-10-02","c111","h001",NA,NA
"E",4,"2021-10-02","c111","h001",NA,NA
"E",5,"2021-10-02","c111","h001",NA,NA
"E",6,"2021-10-02","c111","h001",NA,NA
"E",7,"2021-10-02","c111","h001",NA,NA
"E",8,"2021-10-02","c111","h001",NA,NA
"E",8,"2021-10-02","c308","h001",NA,NA
"E",9,"2021-10-02","c308","h001",NA,NA
"E",10,"2021-10-02","c308","h001",NA,NA
"E",11,"2021-10-02","c308","h001",NA,NA
"E",12,"2021-10-02","c308","h001",NA,NA
"E",13,"2021-10-02","c308","h001",NA,NA
"E",13,"2021-10-02","c024","h001",NA,NA
"E",14,"2021-10-02","c024","h001",NA,NA
"E",15,"2021-10-02","c024","h001",NA,NA
"E",15,"2021-10-02","c247","h001",NA,NA
"E",16,"2021-10-02","c247","h001",NA,NA
"E",17,"2021-10-02","c247","h001",NA,NA
"E",18,"2021-10-02","c247","h001",NA,NA
"E",19,"2021-10-02","c247","h001",NA,NA
"E",20,"2021-10-02","c247","h001",NA,NA
"E",20,"2021-10-02","c349","h001",NA,NA
"E",21,"2021-10-02","c349","h001",NA,NA
"E",22,"2021-10-02","c349","h001",NA,NA
"E",22,"2021-10-02","c038","h001",NA,NA
"E",23,"2021-10-02","c038","h001",NA,NA
"E",24,"2021-10-02","c038","h001",NA,NA
"E",25,"2021-10-02","c038","h001",NA,NA
"E",26,"2021-10-02","c038","h001",NA,NA
"E",27,"2021-10-02","c038","h001",NA,NA
"E",27,"2021-10-02","c343","h001",NA,NA
"E",28,"2021-10-02","c343","h001",NA,NA
"E",29,"2021-10-02","c343","h001",NA,NA
"E",30,"2021-10-02","c343","h001",NA,NA
"E",31,"2021-10-02","c343","h001",NA,NA
"E",31,"2021-10-02","c271","h001",NA,NA
"E",32,"2021-10-02","c271","h001",NA,NA
"E",33,"2021-10-02","c271","h001",NA,NA
"E",33,"2021-10-02","c212","h001",NA,NA
"E",34,"2021-10-02","c212","h001",NA,NA
"E",35,"2021-10-02","c212","h001",NA,NA
"E",36,"2021-10-02","c212","h001",NA,NA
"E",37,"2021-10-02","c212","h001",NA,NA
"E",38,"2021-10-02","c212","h001",NA,NA
"E",38,"2021-10-02","c130","h001",NA,NA
"E",39,"2021-10-02","c130","h001",NA,NA
"E",40,"2021-10-02","c130","h001",NA,NA
"E",41,"2021-10-02","c130","h001",NA,NA
"E",42,"2021-10-02","c130","h001",NA,NA
"E",42,"2021-10-02","c366","h001",NA,NA
"E",43,"2021-10-02","c366","h001",NA,NA
"E",44,"2021-10-02","c366","h001",NA,NA
"E",0,"2021-10-02","c141","h001",NA,NA
"E",1,"2021-10-02","c141","h001",NA,NA
"E",2,"2021-10-02","c141","h001",NA,NA
"E",3,"2021-10-02","c141","h001",NA,NA
"E",3,"2021-10-02","c197","h001",NA,NA
"E",4,"2021-10-02","c197","h001",NA,NA
"E",5,"2021-10-02","c197","h001",NA,NA
"E",6,"2021-10-02","c197","h001",NA,NA
"E",7,"2021-10-02","c197","h001",NA,NA
"E",7,"2021-10-02","c431","h001",NA,NA
"E",8,"2021-10-02","c431","h001",NA,NA
"E",9,"2021-10-02","c431","h001",NA,NA
"E",10,"2021-10-02","c431","h001",NA,NA
"E",11,"2021-10-02","c431","h001",NA,NA
"E",12,"2021-10-02","c431","h001",NA,NA
"E",12,"2021-10-02","c280","h001",NA,NA
"E",13,"2021-10-02","c280","h001",NA,NA
"E",14,"2021-10-02","c280","h001",NA,NA
"E",15,"2021-10-02","c280","h001",NA,NA
"E",15,"2021-10-02","c061","h001",NA,NA
"E",16,"2021-10-02","c061","h001",NA,NA
"E",17,"2021-10-02","c061","h001",NA,NA
"E",18,"2021-10-02","c061","h001",NA,NA
"E",19,"2021-10-02","c061","h001",NA,NA
"E",20,"2021-10-02","c061","h001",NA,NA
"E",20,"2021-10-02","c241","h001",NA,NA
"E",21,"2021-10-02","c241","h001",NA,NA
"E",22,"2021-10-02","c241","h001",NA,NA
"E",23,"2021-10-02","c241","h001",NA,NA
"E",24,"2021-10-02","c241","h001",NA,NA
"E",24,"2021-10-02","c100","h001",NA,NA
"E",25,"2021-10-02","c100","h001",NA,NA
"E",26,"2021-10-02","c100","h001",NA,NA
"E",27,"2021-10-02","c100","h001",NA,NA
"E",28,"2021-10-02","c100","h001",NA,NA
"E",29,"2021-10-02","c100","h001",NA,NA
"E",29,"2021-10-02","c018","h001",NA,NA
"E",30,"2021-10-02","c018","h001",NA,NA
"E",31,"2021-10-02","c018","h001",NA,NA
"E",32,"2021-10-02","c018","h001",NA,NA
"E",33,"2021-10-02","c018","h001",NA,NA
"E",33,"2021-10-02","c297","h001",NA,NA
"E",34,"2021-10-02","c297","h001",NA,NA
"E",35,"2021-10-02","c297","h001",NA,NA
"E",35,"2021-10-02","c166","h001",NA,NA
"E",36,"2021-10-02","c166","h001",NA,NA
"E",37,"2021-10-02","c166","h001",NA,NA
"E",38,"2021-10-02","c166","h001",NA,NA
"E",39,"2021-10-02","c166","h001",NA,NA
"E",39,"2021-10-02","c300","h001",NA,NA
"E",40,"2021-10-02","c300","h001",NA,NA
"E",41,"2021-10-02","c300","h001",NA,NA
"E",41,"2021-10-02","c379","h001",NA,NA
"E",42,"2021-10-02","c379","h001",NA,NA
"E",43,"2021-10-02","c379","h001",NA,NA
"E",44,"2021-10-02","c379","h001",NA,NA
"E",45,"2021-10-02","c379","h001",NA,NA
"E",46,"2021-10-02","c379","h001",NA,NA
"E",0,"2021-10-02","c109","h001",NA,NA
"E",1,"2021-10-02","c109","h001",NA,NA
"E",2,"2021-10-02","c109","h001",NA,NA
"E",3,"2021-10-02","c109","h001",NA,NA
"E",4,"2021-10-02","c109","h001",NA,NA
"E",4,"2021-10-02","c496","h001",NA,NA
"E",5,"2021-10-02","c496","h001",NA,NA
"E",6,"2021-10-02","c496","h001",NA,NA
"E",7,"2021-10-02","c496","h001",NA,NA
"E",7,"2021-10-02","c030","h001",NA,NA
"E",8,"2021-10-02","c030","h001",NA,NA
"E",9,"2021-10-02","c030","h001",NA,NA
"E",10,"2021-10-02","c030","h001",NA,NA
"E",10,"2021-10-02","c078","h001",NA,NA
"E",11,"2021-10-02","c078","h001",NA,NA
"E",12,"2021-10-02","c078","h001",NA,NA
"E",12,"2021-10-02","c472","h001",NA,NA
"E",13,"2021-10-02","c472","h001",NA,NA
"E",14,"2021-10-02","c472","h001",NA,NA
"E",14,"2021-10-02","c224","h001",NA,NA
"E",15,"2021-10-02","c224","h001",NA,NA
"E",16,"2021-10-02","c224","h001",NA,NA
"E",17,"2021-10-02","c224","h001",NA,NA
"E",18,"2021-10-02","c224","h001",NA,NA
"E",18,"2021-10-02","c312","h001",NA,NA
"E",19,"2021-10-02","c312","h001",NA,NA
"E",20,"2021-10-02","c312","h001",NA,NA
"E",21,"2021-10-02","c312","h001",NA,NA
"E",22,"2021-10-02","c312","h001",NA,NA
"E",23,"2021-10-02","c312","h001",NA,NA
"E",23,"2021-10-02","c258","h001",NA,NA
"E",24,"2021-10-02","c258","h001",NA,NA
"E",25,"2021-10-02","c258","h001",NA,NA
"E",26,"2021-10-02","c258","h001",NA,NA
"E",27,"2021-10-02","c258","h001",NA,NA
"E",28,"2021-10-02","c258","h001",NA,NA
"E",28,"2021-10-02","c146","h001",NA,NA
"E",29,"2021-10-02","c146","h001",NA,NA
"E",30,"2021-10-02","c146","h001",NA,NA
"E",31,"2021-10-02","c146","h001",NA,NA
"E",31,"2021-10-02","c139","h001",NA,NA
"E",32,"2021-10-02","c139","h001",NA,NA
"E",33,"2021-10-02","c139","h001",NA,NA
"E",34,"2021-10-02","c139","h001",NA,NA
"E",34,"2021-10-02","c234","h001",NA,NA
"E",35,"2021-10-02","c234","h001",NA,NA
"E",36,"2021-10-02","c234","h001",NA,NA
"E",37,"2021-10-02","c234","h001",NA,NA
"E",38,"2021-10-02","c234","h001",NA,NA
"E",39,"2021-10-02","c234","h001",NA,NA
"E",39,"2021-10-02","c302","h001",NA,NA
"E",40,"2021-10-02","c302","h001",NA,NA
"E",41,"2021-10-02","c302","h001",NA,NA
"E",42,"2021-10-02","c302","h001",NA,NA
"E",42,"2021-10-02","c026","h001",NA,NA
"E",43,"2021-10-02","c026","h001",NA,NA
"E",44,"2021-10-02","c026","h001",NA,NA
"E",45,"2021-10-02","c026","h001",NA,NA
"E",46,"2021-10-02","c026","h001",NA,NA
"E",47,"2021-10-02","c026","h001",NA,NA
"E",0,"2021-10-02","c380","h001",NA,NA
"E",1,"2021-10-02","c380","h001",NA,NA
"E",2,"2021-10-02","c380","h001",NA,NA
"E",3,"2021-10-02","c380","h001",NA,NA
"E",4,"2021-10-02","c380","h001",NA,NA
"E",4,"2021-10-02","c239","h001",NA,NA
"E",5,"2021-10-02","c239","h001",NA,NA
"E",6,"2021-10-02","c239","h001",NA,NA
"E",7,"2021-10-02","c239","h001",NA,NA
"E",7,"2021-10-02","c393","h001",NA,NA
"E",8,"2021-10-02","c393","h001",NA,NA
"E",9,"2021-10-02","c393","h001",NA,NA
"E",10,"2021-10-02","c393","h001",NA,NA
"E",10,"2021-10-02","c309","h001",NA,NA
"E",11,"2021-10-02","c309","h001",NA,NA
"E",12,"2021-10-02","c309","h001",NA,NA
"E",13,"2021-10-02","c309","h001",NA,NA
"E",14,"2021-10-02","c309","h001",NA,NA
"E",15,"2021-10-02","c309","h001",NA,NA
"E",15,"2021-10-02","c288","h001",NA,NA
"E",16,"2021-10-02","c288","h001",NA,NA
"E",17,"2021-10-02","c288","h001",NA,NA
"E",18,"2021-10-02","c288","h001",NA,NA
"E",19,"2021-10-02","c288","h001",NA,NA
"E",19,"2021-10-02","c421","h001",NA,NA
"E",20,"2021-10-02","c421","h001",NA,NA
"E",21,"2021-10-02","c421","h001",NA,NA
"E",21,"2021-10-02","c194","h001",NA,NA
"E",22,"2021-10-02","c194","h001",NA,NA
"E",23,"2021-10-02","c194","h001",NA,NA
"E",24,"2021-10-02","c194","h001",NA,NA
"E",24,"2021-10-02","c048","h001",NA,NA
"E",25,"2021-10-02","c048","h001",NA,NA
"E",26,"2021-10-02","c048","h001",NA,NA
"E",27,"2021-10-02","c048","h001",NA,NA
"E",28,"2021-10-02","c048","h001",NA,NA
"E",29,"2021-10-02","c048","h001",NA,NA
"E",29,"2021-10-02","c267","h001",NA,NA
"E",30,"2021-10-02","c267","h001",NA,NA
"E",31,"2021-10-02","c267","h001",NA,NA
"E",32,"2021-10-02","c267","h001",NA,NA
"E",32,"2021-10-02","c149","h001",NA,NA
"E",33,"2021-10-02","c149","h001",NA,NA
"E",34,"2021-10-02","c149","h001",NA,NA
"E",35,"2021-10-02","c149","h001",NA,NA
"E",36,"2021-10-02","c149","h001",NA,NA
"E",37,"2021-10-02","c149","h001",NA,NA
"E",37,"2021-10-02","c204","h001",NA,NA
"E",38,"2021-10-02","c204","h001",NA,NA
"E",39,"2021-10-02","c204","h001",NA,NA
"E",40,"2021-10-02","c204","h001",NA,NA
"E",40,"2021-10-02","c499","h001",NA,NA
"E",41,"2021-10-02","c499","h001",NA,NA
"E",42,"2021-10-02","c499","h001",NA,NA
"E",42,"2021-10-02","c263","h001",NA,NA
"E",43,"2021-10-02","c263","h001",NA,NA
"E",44,"2021-10-02","c263","h001",NA,NA
"E",0,"2021-10-02","c358","h001",NA,NA
"E",1,"2021-10-02","c358","h001",NA,NA
"E",2,"2021-10-02","c358","h001",NA,NA
"E",3,"2021-10-02","c358","h001",NA,NA
"E",4,"2021-10-02","c358","h001",NA,NA
"E",4,"2021-10-02","c387","h001",NA,NA
"E",5,"2021-10-02","c387","h001",NA,NA
"E",6,"2021-10-02","c387","h001",NA,NA
"E",6,"2021-10-02","c219","h001",NA,NA
"E",7,"2021-10-02","c219","h001",NA,NA
"E",8,"2021-10-02","c219","h001",NA,NA
"E",9,"2021-10-02","c219","h001",NA,NA
"E",10,"2021-10-02","c219","h001",NA,NA
"E",10,"2021-10-02","c006","h001",NA,NA
"E",11,"2021-10-02","c006","h001",NA,NA
"E",12,"2021-10-02","c006","h001",NA,NA
"E",13,"2021-10-02","c006","h001",NA,NA
"E",14,"2021-10-02","c006","h001",NA,NA
"E",14,"2021-10-02","c225","h001",NA,NA
"E",15,"2021-10-02","c225","h001",NA,NA
"E",16,"2021-10-02","c225","h001",NA,NA
"E",17,"2021-10-02","c225","h001",NA,NA
"E",18,"2021-10-02","c225","h001",NA,NA
"E",19,"2021-10-02","c225","h001",NA,NA
"E",19,"2021-10-02","c286","h001",NA,NA
"E",20,"2021-10-02","c286","h001",NA,NA
"E",21,"2021-10-02","c286","h001",NA,NA
"E",21,"2021-10-02","c073","h001",NA,NA
"E",22,"2021-10-02","c073","h001",NA,NA
"E",23,"2021-10-02","c073","h001",NA,NA
"E",23,"2021-10-02","c077","h001",NA,NA
"E",24,"2021-10-02","c077","h001",NA,NA
"E",25,"2021-10-02","c077","h001",NA,NA
"E",25,"2021-10-02","c367","h001",NA,NA
"E",26,"2021-10-02","c367","h001",NA,NA
"E",27,"2021-10-02","c367","h001",NA,NA
"E",27,"2021-10-02","c228","h001",NA,NA
"E",28,"2021-10-02","c228","h001",NA,NA
"E",29,"2021-10-02","c228","h001",NA,NA
"E",30,"2021-10-02","c228","h001",NA,NA
"E",31,"2021-10-02","c228","h001",NA,NA
"E",31,"2021-10-02","c354","h001",NA,NA
"E",32,"2021-10-02","c354","h001",NA,NA
"E",33,"2021-10-02","c354","h001",NA,NA
"E",33,"2021-10-02","c117","h001",NA,NA
"E",34,"2021-10-02","c117","h001",NA,NA
"E",35,"2021-10-02","c117","h001",NA,NA
"E",36,"2021-10-02","c117","h001",NA,NA
"E",37,"2021-10-02","c117","h001",NA,NA
"E",38,"2021-10-02","c117","h001",NA,NA
"E",0,"2021-10-03","c472","h001",NA,NA
"E",1,"2021-10-03","c472","h001",NA,NA
"E",2,"2021-10-03","c472","h001",NA,NA
"E",3,"2021-10-03","c472","h001",NA,NA
"E",3,"2021-10-03","c013","h001",NA,NA
"E",4,"2021-10-03","c013","h001",NA,NA
"E",5,"2021-10-03","c013","h001",NA,NA
"E",6,"2021-10-03","c013","h001",NA,NA
"E",6,"2021-10-03","c479","h001",NA,NA
"E",7,"2021-10-03","c479","h001",NA,NA
"E",8,"2021-10-03","c479","h001",NA,NA
"E",9,"2021-10-03","c479","h001",NA,NA
"E",9,"2021-10-03","c238","h001",NA,NA
"E",10,"2021-10-03","c238","h001",NA,NA
"E",11,"2021-10-03","c238","h001",NA,NA
"E",11,"2021-10-03","c198","h001",NA,NA
"E",12,"2021-10-03","c198","h001",NA,NA
"E",13,"2021-10-03","c198","h001",NA,NA
"E",14,"2021-10-03","c198","h001",NA,NA
"E",15,"2021-10-03","c198","h001",NA,NA
"E",15,"2021-10-03","c095","h001",NA,NA
"E",16,"2021-10-03","c095","h001",NA,NA
"E",17,"2021-10-03","c095","h001",NA,NA
"E",18,"2021-10-03","c095","h001",NA,NA
"E",19,"2021-10-03","c095","h001",NA,NA
"E",19,"2021-10-03","c498","h001",NA,NA
"E",20,"2021-10-03","c498","h001",NA,NA
"E",21,"2021-10-03","c498","h001",NA,NA
"E",22,"2021-10-03","c498","h001",NA,NA
"E",22,"2021-10-03","c269","h001",NA,NA
"E",23,"2021-10-03","c269","h001",NA,NA
"E",24,"2021-10-03","c269","h001",NA,NA
"E",25,"2021-10-03","c269","h001",NA,NA
"E",26,"2021-10-03","c269","h001",NA,NA
"E",26,"2021-10-03","c250","h001",NA,NA
"E",27,"2021-10-03","c250","h001",NA,NA
"E",28,"2021-10-03","c250","h001",NA,NA
"E",29,"2021-10-03","c250","h001",NA,NA
"E",29,"2021-10-03","c100","h001",NA,NA
"E",30,"2021-10-03","c100","h001",NA,NA
"E",31,"2021-10-03","c100","h001",NA,NA
"E",32,"2021-10-03","c100","h001",NA,NA
"E",32,"2021-10-03","c388","h001",NA,NA
"E",33,"2021-10-03","c388","h001",NA,NA
"E",34,"2021-10-03","c388","h001",NA,NA
"E",35,"2021-10-03","c388","h001",NA,NA
"E",36,"2021-10-03","c388","h001",NA,NA
"E",36,"2021-10-03","c222","h001",NA,NA
"E",37,"2021-10-03","c222","h001",NA,NA
"E",38,"2021-10-03","c222","h001",NA,NA
"E",39,"2021-10-03","c222","h001",NA,NA
"E",40,"2021-10-03","c222","h001",NA,NA
"E",41,"2021-10-03","c222","h001",NA,NA
"E",41,"2021-10-03","c190","h001",NA,NA
"E",42,"2021-10-03","c190","h001",NA,NA
"E",43,"2021-10-03","c190","h001",NA,NA
"E",0,"2021-10-03","c482","h001",NA,NA
"E",1,"2021-10-03","c482","h001",NA,NA
"E",2,"2021-10-03","c482","h001",NA,NA
"E",2,"2021-10-03","c436","h001",NA,NA
"E",3,"2021-10-03","c436","h001",NA,NA
"E",4,"2021-10-03","c436","h001",NA,NA
"E",5,"2021-10-03","c436","h001",NA,NA
"E",5,"2021-10-03","c338","h001",NA,NA
"E",6,"2021-10-03","c338","h001",NA,NA
"E",7,"2021-10-03","c338","h001",NA,NA
"E",8,"2021-10-03","c338","h001",NA,NA
"E",9,"2021-10-03","c338","h001",NA,NA
"E",9,"2021-10-03","c009","h001",NA,NA
"E",10,"2021-10-03","c009","h001",NA,NA
"E",11,"2021-10-03","c009","h001",NA,NA
"E",12,"2021-10-03","c009","h001",NA,NA
"E",12,"2021-10-03","c291","h001",NA,NA
"E",13,"2021-10-03","c291","h001",NA,NA
"E",14,"2021-10-03","c291","h001",NA,NA
"E",15,"2021-10-03","c291","h001",NA,NA
"E",16,"2021-10-03","c291","h001",NA,NA
"E",16,"2021-10-03","c457","h001",NA,NA
"E",17,"2021-10-03","c457","h001",NA,NA
"E",18,"2021-10-03","c457","h001",NA,NA
"E",19,"2021-10-03","c457","h001",NA,NA
"E",19,"2021-10-03","c330","h001",NA,NA
"E",20,"2021-10-03","c330","h001",NA,NA
"E",21,"2021-10-03","c330","h001",NA,NA
"E",22,"2021-10-03","c330","h001",NA,NA
"E",23,"2021-10-03","c330","h001",NA,NA
"E",24,"2021-10-03","c330","h001",NA,NA
"E",24,"2021-10-03","c406","h001",NA,NA
"E",25,"2021-10-03","c406","h001",NA,NA
"E",26,"2021-10-03","c406","h001",NA,NA
"E",27,"2021-10-03","c406","h001",NA,NA
"E",28,"2021-10-03","c406","h001",NA,NA
"E",29,"2021-10-03","c406","h001",NA,NA
"E",29,"2021-10-03","c379","h001",NA,NA
"E",30,"2021-10-03","c379","h001",NA,NA
"E",31,"2021-10-03","c379","h001",NA,NA
"E",32,"2021-10-03","c379","h001",NA,NA
"E",33,"2021-10-03","c379","h001",NA,NA
"E",33,"2021-10-03","c407","h001",NA,NA
"E",34,"2021-10-03","c407","h001",NA,NA
"E",35,"2021-10-03","c407","h001",NA,NA
"E",36,"2021-10-03","c407","h001",NA,NA
"E",36,"2021-10-03","c280","h001",NA,NA
"E",37,"2021-10-03","c280","h001",NA,NA
"E",38,"2021-10-03","c280","h001",NA,NA
"E",38,"2021-10-03","c481","h001",NA,NA
"E",39,"2021-10-03","c481","h001",NA,NA
"E",40,"2021-10-03","c481","h001",NA,NA
"E",41,"2021-10-03","c481","h001",NA,NA
"E",42,"2021-10-03","c481","h001",NA,NA
"E",42,"2021-10-03","c072","h001",NA,NA
"E",43,"2021-10-03","c072","h001",NA,NA
"E",44,"2021-10-03","c072","h001",NA,NA
"E",45,"2021-10-03","c072","h001",NA,NA
"E",46,"2021-10-03","c072","h001",NA,NA
"E",0,"2021-10-03","c069","h001",NA,NA
"E",1,"2021-10-03","c069","h001",NA,NA
"E",2,"2021-10-03","c069","h001",NA,NA
"E",2,"2021-10-03","c379","h001",NA,NA
"E",3,"2021-10-03","c379","h001",NA,NA
"E",4,"2021-10-03","c379","h001",NA,NA
"E",5,"2021-10-03","c379","h001",NA,NA
"E",5,"2021-10-03","c317","h001",NA,NA
"E",6,"2021-10-03","c317","h001",NA,NA
"E",7,"2021-10-03","c317","h001",NA,NA
"E",7,"2021-10-03","c323","h001",NA,NA
"E",8,"2021-10-03","c323","h001",NA,NA
"E",9,"2021-10-03","c323","h001",NA,NA
"E",10,"2021-10-03","c323","h001",NA,NA
"E",11,"2021-10-03","c323","h001",NA,NA
"E",11,"2021-10-03","c404","h001",NA,NA
"E",12,"2021-10-03","c404","h001",NA,NA
"E",13,"2021-10-03","c404","h001",NA,NA
"E",14,"2021-10-03","c404","h001",NA,NA
"E",14,"2021-10-03","c460","h001",NA,NA
"E",15,"2021-10-03","c460","h001",NA,NA
"E",16,"2021-10-03","c460","h001",NA,NA
"E",17,"2021-10-03","c460","h001",NA,NA
"E",17,"2021-10-03","c210","h001",NA,NA
"E",18,"2021-10-03","c210","h001",NA,NA
"E",19,"2021-10-03","c210","h001",NA,NA
"E",20,"2021-10-03","c210","h001",NA,NA
"E",20,"2021-10-03","c365","h001",NA,NA
"E",21,"2021-10-03","c365","h001",NA,NA
"E",22,"2021-10-03","c365","h001",NA,NA
"E",22,"2021-10-03","c177","h001",NA,NA
"E",23,"2021-10-03","c177","h001",NA,NA
"E",24,"2021-10-03","c177","h001",NA,NA
"E",25,"2021-10-03","c177","h001",NA,NA
"E",26,"2021-10-03","c177","h001",NA,NA
"E",27,"2021-10-03","c177","h001",NA,NA
"E",27,"2021-10-03","c223","h001",NA,NA
"E",28,"2021-10-03","c223","h001",NA,NA
"E",29,"2021-10-03","c223","h001",NA,NA
"E",30,"2021-10-03","c223","h001",NA,NA
"E",30,"2021-10-03","c210","h001",NA,NA
"E",31,"2021-10-03","c210","h001",NA,NA
"E",32,"2021-10-03","c210","h001",NA,NA
"E",33,"2021-10-03","c210","h001",NA,NA
"E",33,"2021-10-03","c293","h001",NA,NA
"E",34,"2021-10-03","c293","h001",NA,NA
"E",35,"2021-10-03","c293","h001",NA,NA
"E",35,"2021-10-03","c109","h001",NA,NA
"E",36,"2021-10-03","c109","h001",NA,NA
"E",37,"2021-10-03","c109","h001",NA,NA
"E",37,"2021-10-03","c314","h001",NA,NA
"E",38,"2021-10-03","c314","h001",NA,NA
"E",39,"2021-10-03","c314","h001",NA,NA
"E",39,"2021-10-03","c093","h001",NA,NA
"E",40,"2021-10-03","c093","h001",NA,NA
"E",41,"2021-10-03","c093","h001",NA,NA
"E",42,"2021-10-03","c093","h001",NA,NA
"E",43,"2021-10-03","c093","h001",NA,NA
"E",44,"2021-10-03","c093","h001",NA,NA
"E",44,"2021-10-03","c332","h001",NA,NA
"E",45,"2021-10-03","c332","h001",NA,NA
"E",46,"2021-10-03","c332","h001",NA,NA
"E",47,"2021-10-03","c332","h001",NA,NA
"E",0,"2021-10-03","c273","h001",NA,NA
"E",1,"2021-10-03","c273","h001",NA,NA
"E",2,"2021-10-03","c273","h001",NA,NA
"E",3,"2021-10-03","c273","h001",NA,NA
"E",4,"2021-10-03","c273","h001",NA,NA
"E",5,"2021-10-03","c273","h001",NA,NA
"E",5,"2021-10-03","c314","h001",NA,NA
"E",6,"2021-10-03","c314","h001",NA,NA
"E",7,"2021-10-03","c314","h001",NA,NA
"E",8,"2021-10-03","c314","h001",NA,NA
"E",8,"2021-10-03","c402","h001",NA,NA
"E",9,"2021-10-03","c402","h001",NA,NA
"E",10,"2021-10-03","c402","h001",NA,NA
"E",10,"2021-10-03","c269","h001",NA,NA
"E",11,"2021-10-03","c269","h001",NA,NA
"E",12,"2021-10-03","c269","h001",NA,NA
"E",12,"2021-10-03","c356","h001",NA,NA
"E",13,"2021-10-03","c356","h001",NA,NA
"E",14,"2021-10-03","c356","h001",NA,NA
"E",15,"2021-10-03","c356","h001",NA,NA
"E",16,"2021-10-03","c356","h001",NA,NA
"E",17,"2021-10-03","c356","h001",NA,NA
"E",17,"2021-10-03","c023","h001",NA,NA
"E",18,"2021-10-03","c023","h001",NA,NA
"E",19,"2021-10-03","c023","h001",NA,NA
"E",20,"2021-10-03","c023","h001",NA,NA
"E",21,"2021-10-03","c023","h001",NA,NA
"E",22,"2021-10-03","c023","h001",NA,NA
"E",22,"2021-10-03","c255","h001",NA,NA
"E",23,"2021-10-03","c255","h001",NA,NA
"E",24,"2021-10-03","c255","h001",NA,NA
"E",25,"2021-10-03","c255","h001",NA,NA
"E",26,"2021-10-03","c255","h001",NA,NA
"E",26,"2021-10-03","c128","h001",NA,NA
"E",27,"2021-10-03","c128","h001",NA,NA
"E",28,"2021-10-03","c128","h001",NA,NA
"E",29,"2021-10-03","c128","h001",NA,NA
"E",30,"2021-10-03","c128","h001",NA,NA
"E",31,"2021-10-03","c128","h001",NA,NA
"E",31,"2021-10-03","c420","h001",NA,NA
"E",32,"2021-10-03","c420","h001",NA,NA
"E",33,"2021-10-03","c420","h001",NA,NA
"E",34,"2021-10-03","c420","h001",NA,NA
"E",35,"2021-10-03","c420","h001",NA,NA
"E",35,"2021-10-03","c366","h001",NA,NA
"E",36,"2021-10-03","c366","h001",NA,NA
"E",37,"2021-10-03","c366","h001",NA,NA
"E",38,"2021-10-03","c366","h001",NA,NA
"E",38,"2021-10-03","c246","h001",NA,NA
"E",39,"2021-10-03","c246","h001",NA,NA
"E",40,"2021-10-03","c246","h001",NA,NA
"E",41,"2021-10-03","c246","h001",NA,NA
"E",42,"2021-10-03","c246","h001",NA,NA
"E",43,"2021-10-03","c246","h001",NA,NA
"E",0,"2021-10-03","c147","h001",NA,NA
"E",1,"2021-10-03","c147","h001",NA,NA
"E",2,"2021-10-03","c147","h001",NA,NA
"E",2,"2021-10-03","c054","h001",NA,NA
"E",3,"2021-10-03","c054","h001",NA,NA
"E",4,"2021-10-03","c054","h001",NA,NA
"E",5,"2021-10-03","c054","h001",NA,NA
"E",6,"2021-10-03","c054","h001",NA,NA
"E",7,"2021-10-03","c054","h001",NA,NA
"E",7,"2021-10-03","c399","h001",NA,NA
"E",8,"2021-10-03","c399","h001",NA,NA
"E",9,"2021-10-03","c399","h001",NA,NA
"E",9,"2021-10-03","c145","h001",NA,NA
"E",10,"2021-10-03","c145","h001",NA,NA
"E",11,"2021-10-03","c145","h001",NA,NA
"E",11,"2021-10-03","c475","h001",NA,NA
"E",12,"2021-10-03","c475","h001",NA,NA
"E",13,"2021-10-03","c475","h001",NA,NA
"E",14,"2021-10-03","c475","h001",NA,NA
"E",15,"2021-10-03","c475","h001",NA,NA
"E",16,"2021-10-03","c475","h001",NA,NA
"E",16,"2021-10-03","c218","h001",NA,NA
"E",17,"2021-10-03","c218","h001",NA,NA
"E",18,"2021-10-03","c218","h001",NA,NA
"E",19,"2021-10-03","c218","h001",NA,NA
"E",19,"2021-10-03","c442","h001",NA,NA
"E",20,"2021-10-03","c442","h001",NA,NA
"E",21,"2021-10-03","c442","h001",NA,NA
"E",22,"2021-10-03","c442","h001",NA,NA
"E",22,"2021-10-03","c322","h001",NA,NA
"E",23,"2021-10-03","c322","h001",NA,NA
"E",24,"2021-10-03","c322","h001",NA,NA
"E",24,"2021-10-03","c317","h001",NA,NA
"E",25,"2021-10-03","c317","h001",NA,NA
"E",26,"2021-10-03","c317","h001",NA,NA
"E",27,"2021-10-03","c317","h001",NA,NA
"E",27,"2021-10-03","c484","h001",NA,NA
"E",28,"2021-10-03","c484","h001",NA,NA
"E",29,"2021-10-03","c484","h001",NA,NA
"E",30,"2021-10-03","c484","h001",NA,NA
"E",31,"2021-10-03","c484","h001",NA,NA
"E",31,"2021-10-03","c126","h001",NA,NA
"E",32,"2021-10-03","c126","h001",NA,NA
"E",33,"2021-10-03","c126","h001",NA,NA
"E",33,"2021-10-03","c106","h001",NA,NA
"E",34,"2021-10-03","c106","h001",NA,NA
"E",35,"2021-10-03","c106","h001",NA,NA
"E",36,"2021-10-03","c106","h001",NA,NA
"E",37,"2021-10-03","c106","h001",NA,NA
"E",38,"2021-10-03","c106","h001",NA,NA
"E",38,"2021-10-03","c022","h001",NA,NA
"E",39,"2021-10-03","c022","h001",NA,NA
"E",40,"2021-10-03","c022","h001",NA,NA
"E",41,"2021-10-03","c022","h001",NA,NA
"E",42,"2021-10-03","c022","h001",NA,NA
"E",43,"2021-10-03","c022","h001",NA,NA
"E",43,"2021-10-03","c277","h001",NA,NA
"E",44,"2021-10-03","c277","h001",NA,NA
"E",45,"2021-10-03","c277","h001",NA,NA
"E",46,"2021-10-03","c277","h001",NA,NA
"E",47,"2021-10-03","c277","h001",NA,NA
"E",0,"2021-10-03","c143","h001",NA,NA
"E",1,"2021-10-03","c143","h001",NA,NA
"E",2,"2021-10-03","c143","h001",NA,NA
"E",3,"2021-10-03","c143","h001",NA,NA
"E",4,"2021-10-03","c143","h001",NA,NA
"E",5,"2021-10-03","c143","h001",NA,NA
"E",5,"2021-10-03","c032","h001",NA,NA
"E",6,"2021-10-03","c032","h001",NA,NA
"E",7,"2021-10-03","c032","h001",NA,NA
"E",7,"2021-10-03","c289","h001",NA,NA
"E",8,"2021-10-03","c289","h001",NA,NA
"E",9,"2021-10-03","c289","h001",NA,NA
"E",10,"2021-10-03","c289","h001",NA,NA
"E",11,"2021-10-03","c289","h001",NA,NA
"E",11,"2021-10-03","c005","h001",NA,NA
"E",12,"2021-10-03","c005","h001",NA,NA
"E",13,"2021-10-03","c005","h001",NA,NA
"E",14,"2021-10-03","c005","h001",NA,NA
"E",15,"2021-10-03","c005","h001",NA,NA
"E",0,"2021-10-04","c055","h001",NA,NA
"E",1,"2021-10-04","c055","h001",NA,NA
"E",2,"2021-10-04","c055","h001",NA,NA
"E",2,"2021-10-04","c242","h001",NA,NA
"E",3,"2021-10-04","c242","h001",NA,NA
"E",4,"2021-10-04","c242","h001",NA,NA
"E",5,"2021-10-04","c242","h001",NA,NA
"E",5,"2021-10-04","c378","h001",NA,NA
"E",6,"2021-10-04","c378","h001",NA,NA
"E",7,"2021-10-04","c378","h001",NA,NA
"E",8,"2021-10-04","c378","h001",NA,NA
"E",9,"2021-10-04","c378","h001",NA,NA
"E",10,"2021-10-04","c378","h001",NA,NA
"E",10,"2021-10-04","c034","h001",NA,NA
"E",11,"2021-10-04","c034","h001",NA,NA
"E",12,"2021-10-04","c034","h001",NA,NA
"E",13,"2021-10-04","c034","h001",NA,NA
"E",13,"2021-10-04","c141","h001",NA,NA
"E",14,"2021-10-04","c141","h001",NA,NA
"E",15,"2021-10-04","c141","h001",NA,NA
"E",16,"2021-10-04","c141","h001",NA,NA
"E",17,"2021-10-04","c141","h001",NA,NA
"E",18,"2021-10-04","c141","h001",NA,NA
"E",18,"2021-10-04","c170","h001",NA,NA
"E",19,"2021-10-04","c170","h001",NA,NA
"E",20,"2021-10-04","c170","h001",NA,NA
"E",21,"2021-10-04","c170","h001",NA,NA
"E",22,"2021-10-04","c170","h001",NA,NA
"E",22,"2021-10-04","c184","h001",NA,NA
"E",23,"2021-10-04","c184","h001",NA,NA
"E",24,"2021-10-04","c184","h001",NA,NA
"E",25,"2021-10-04","c184","h001",NA,NA
"E",26,"2021-10-04","c184","h001",NA,NA
"E",27,"2021-10-04","c184","h001",NA,NA
"E",27,"2021-10-04","c346","h001",NA,NA
"E",28,"2021-10-04","c346","h001",NA,NA
"E",29,"2021-10-04","c346","h001",NA,NA
"E",30,"2021-10-04","c346","h001",NA,NA
"E",30,"2021-10-04","c449","h001",NA,NA
"E",31,"2021-10-04","c449","h001",NA,NA
"E",32,"2021-10-04","c449","h001",NA,NA
"E",33,"2021-10-04","c449","h001",NA,NA
"E",34,"2021-10-04","c449","h001",NA,NA
"E",34,"2021-10-04","c425","h001",NA,NA
"E",35,"2021-10-04","c425","h001",NA,NA
"E",36,"2021-10-04","c425","h001",NA,NA
"E",37,"2021-10-04","c425","h001",NA,NA
"E",38,"2021-10-04","c425","h001",NA,NA
"E",39,"2021-10-04","c425","h001",NA,NA
"E",39,"2021-10-04","c052","h001",NA,NA
"E",40,"2021-10-04","c052","h001",NA,NA
"E",41,"2021-10-04","c052","h001",NA,NA
"E",42,"2021-10-04","c052","h001",NA,NA
"E",43,"2021-10-04","c052","h001",NA,NA
"E",44,"2021-10-04","c052","h001",NA,NA
"E",44,"2021-10-04","c367","h001",NA,NA
"E",45,"2021-10-04","c367","h001",NA,NA
"E",46,"2021-10-04","c367","h001",NA,NA
"E",0,"2021-10-04","c292","h001",NA,NA
"E",1,"2021-10-04","c292","h001",NA,NA
"E",2,"2021-10-04","c292","h001",NA,NA
"E",3,"2021-10-04","c292","h001",NA,NA
"E",4,"2021-10-04","c292","h001",NA,NA
"E",4,"2021-10-04","c256","h001",NA,NA
"E",5,"2021-10-04","c256","h001",NA,NA
"E",6,"2021-10-04","c256","h001",NA,NA
"E",7,"2021-10-04","c256","h001",NA,NA
"E",7,"2021-10-04","c214","h001",NA,NA
"E",8,"2021-10-04","c214","h001",NA,NA
"E",9,"2021-10-04","c214","h001",NA,NA
"E",10,"2021-10-04","c214","h001",NA,NA
"E",11,"2021-10-04","c214","h001",NA,NA
"E",11,"2021-10-04","c225","h001",NA,NA
"E",12,"2021-10-04","c225","h001",NA,NA
"E",13,"2021-10-04","c225","h001",NA,NA
"E",14,"2021-10-04","c225","h001",NA,NA
"E",15,"2021-10-04","c225","h001",NA,NA
"E",15,"2021-10-04","c024","h001",NA,NA
"E",16,"2021-10-04","c024","h001",NA,NA
"E",17,"2021-10-04","c024","h001",NA,NA
"E",18,"2021-10-04","c024","h001",NA,NA
"E",19,"2021-10-04","c024","h001",NA,NA
"E",20,"2021-10-04","c024","h001",NA,NA
"E",20,"2021-10-04","c141","h001",NA,NA
"E",21,"2021-10-04","c141","h001",NA,NA
"E",22,"2021-10-04","c141","h001",NA,NA
"E",23,"2021-10-04","c141","h001",NA,NA
"E",24,"2021-10-04","c141","h001",NA,NA
"E",25,"2021-10-04","c141","h001",NA,NA
"E",25,"2021-10-04","c326","h001",NA,NA
"E",26,"2021-10-04","c326","h001",NA,NA
"E",27,"2021-10-04","c326","h001",NA,NA
"E",28,"2021-10-04","c326","h001",NA,NA
"E",28,"2021-10-04","c323","h001",NA,NA
"E",29,"2021-10-04","c323","h001",NA,NA
"E",30,"2021-10-04","c323","h001",NA,NA
"E",31,"2021-10-04","c323","h001",NA,NA
"E",32,"2021-10-04","c323","h001",NA,NA
"E",33,"2021-10-04","c323","h001",NA,NA
"E",33,"2021-10-04","c159","h001",NA,NA
"E",34,"2021-10-04","c159","h001",NA,NA
"E",35,"2021-10-04","c159","h001",NA,NA
"E",36,"2021-10-04","c159","h001",NA,NA
"E",37,"2021-10-04","c159","h001",NA,NA
"E",37,"2021-10-04","c034","h001",NA,NA
"E",38,"2021-10-04","c034","h001",NA,NA
"E",39,"2021-10-04","c034","h001",NA,NA
"E",40,"2021-10-04","c034","h001",NA,NA
"E",41,"2021-10-04","c034","h001",NA,NA
"E",41,"2021-10-04","c061","h001",NA,NA
"E",42,"2021-10-04","c061","h001",NA,NA
"E",43,"2021-10-04","c061","h001",NA,NA
"E",44,"2021-10-04","c061","h001",NA,NA
"E",45,"2021-10-04","c061","h001",NA,NA
"E",0,"2021-10-04","c255","h001",NA,NA
"E",1,"2021-10-04","c255","h001",NA,NA
"E",2,"2021-10-04","c255","h001",NA,NA
"E",2,"2021-10-04","c449","h001",NA,NA
"E",3,"2021-10-04","c449","h001",NA,NA
"E",4,"2021-10-04","c449","h001",NA,NA
"E",5,"2021-10-04","c449","h001",NA,NA
"E",6,"2021-10-04","c449","h001",NA,NA
"E",6,"2021-10-04","c075","h001",NA,NA
"E",7,"2021-10-04","c075","h001",NA,NA
"E",8,"2021-10-04","c075","h001",NA,NA
"E",9,"2021-10-04","c075","h001",NA,NA
"E",10,"2021-10-04","c075","h001",NA,NA
"E",11,"2021-10-04","c075","h001",NA,NA
"E",11,"2021-10-04","c231","h001",NA,NA
"E",12,"2021-10-04","c231","h001",NA,NA
"E",13,"2021-10-04","c231","h001",NA,NA
"E",14,"2021-10-04","c231","h001",NA,NA
"E",14,"2021-10-04","c245","h001",NA,NA
"E",15,"2021-10-04","c245","h001",NA,NA
"E",16,"2021-10-04","c245","h001",NA,NA
"E",17,"2021-10-04","c245","h001",NA,NA
"E",18,"2021-10-04","c245","h001",NA,NA
"E",19,"2021-10-04","c245","h001",NA,NA
"E",19,"2021-10-04","c441","h001",NA,NA
"E",20,"2021-10-04","c441","h001",NA,NA
"E",21,"2021-10-04","c441","h001",NA,NA
"E",21,"2021-10-04","c318","h001",NA,NA
"E",22,"2021-10-04","c318","h001",NA,NA
"E",23,"2021-10-04","c318","h001",NA,NA
"E",23,"2021-10-04","c206","h001",NA,NA
"E",24,"2021-10-04","c206","h001",NA,NA
"E",25,"2021-10-04","c206","h001",NA,NA
"E",26,"2021-10-04","c206","h001",NA,NA
"E",26,"2021-10-04","c225","h001",NA,NA
"E",27,"2021-10-04","c225","h001",NA,NA
"E",28,"2021-10-04","c225","h001",NA,NA
"E",29,"2021-10-04","c225","h001",NA,NA
"E",30,"2021-10-04","c225","h001",NA,NA
"E",30,"2021-10-04","c269","h001",NA,NA
"E",31,"2021-10-04","c269","h001",NA,NA
"E",32,"2021-10-04","c269","h001",NA,NA
"E",32,"2021-10-04","c408","h001",NA,NA
"E",33,"2021-10-04","c408","h001",NA,NA
"E",34,"2021-10-04","c408","h001",NA,NA
"E",35,"2021-10-04","c408","h001",NA,NA
"E",36,"2021-10-04","c408","h001",NA,NA
"E",37,"2021-10-04","c408","h001",NA,NA
"E",37,"2021-10-04","c308","h001",NA,NA
"E",38,"2021-10-04","c308","h001",NA,NA
"E",39,"2021-10-04","c308","h001",NA,NA
"E",39,"2021-10-04","c339","h001",NA,NA
"E",40,"2021-10-04","c339","h001",NA,NA
"E",41,"2021-10-04","c339","h001",NA,NA
"E",42,"2021-10-04","c339","h001",NA,NA
"E",43,"2021-10-04","c339","h001",NA,NA
"E",0,"2021-10-04","c460","h001",NA,NA
"E",1,"2021-10-04","c460","h001",NA,NA
"E",2,"2021-10-04","c460","h001",NA,NA
"E",2,"2021-10-04","c405","h001",NA,NA
"E",3,"2021-10-04","c405","h001",NA,NA
"E",4,"2021-10-04","c405","h001",NA,NA
"E",5,"2021-10-04","c405","h001",NA,NA
"E",6,"2021-10-04","c405","h001",NA,NA
"E",6,"2021-10-04","c188","h001",NA,NA
"E",7,"2021-10-04","c188","h001",NA,NA
"E",8,"2021-10-04","c188","h001",NA,NA
"E",9,"2021-10-04","c188","h001",NA,NA
"E",10,"2021-10-04","c188","h001",NA,NA
"E",11,"2021-10-04","c188","h001",NA,NA
"E",11,"2021-10-04","c108","h001",NA,NA
"E",12,"2021-10-04","c108","h001",NA,NA
"E",13,"2021-10-04","c108","h001",NA,NA
"E",13,"2021-10-04","c018","h001",NA,NA
"E",14,"2021-10-04","c018","h001",NA,NA
"E",15,"2021-10-04","c018","h001",NA,NA
"E",16,"2021-10-04","c018","h001",NA,NA
"E",17,"2021-10-04","c018","h001",NA,NA
"E",18,"2021-10-04","c018","h001",NA,NA
"E",18,"2021-10-04","c320","h001",NA,NA
"E",19,"2021-10-04","c320","h001",NA,NA
"E",20,"2021-10-04","c320","h001",NA,NA
"E",21,"2021-10-04","c320","h001",NA,NA
"E",22,"2021-10-04","c320","h001",NA,NA
"E",23,"2021-10-04","c320","h001",NA,NA
"E",23,"2021-10-04","c095","h001",NA,NA
"E",24,"2021-10-04","c095","h001",NA,NA
"E",25,"2021-10-04","c095","h001",NA,NA
"E",25,"2021-10-04","c482","h001",NA,NA
"E",26,"2021-10-04","c482","h001",NA,NA
"E",27,"2021-10-04","c482","h001",NA,NA
"E",28,"2021-10-04","c482","h001",NA,NA
"E",29,"2021-10-04","c482","h001",NA,NA
"E",29,"2021-10-04","c412","h001",NA,NA
"E",30,"2021-10-04","c412","h001",NA,NA
"E",31,"2021-10-04","c412","h001",NA,NA
"E",32,"2021-10-04","c412","h001",NA,NA
"E",32,"2021-10-04","c423","h001",NA,NA
"E",33,"2021-10-04","c423","h001",NA,NA
"E",34,"2021-10-04","c423","h001",NA,NA
"E",35,"2021-10-04","c423","h001",NA,NA
"E",36,"2021-10-04","c423","h001",NA,NA
"E",36,"2021-10-04","c380","h001",NA,NA
"E",37,"2021-10-04","c380","h001",NA,NA
"E",38,"2021-10-04","c380","h001",NA,NA
"E",39,"2021-10-04","c380","h001",NA,NA
"E",39,"2021-10-04","c074","h001",NA,NA
"E",40,"2021-10-04","c074","h001",NA,NA
"E",41,"2021-10-04","c074","h001",NA,NA
"E",42,"2021-10-04","c074","h001",NA,NA
"E",43,"2021-10-04","c074","h001",NA,NA
"E",43,"2021-10-04","c131","h001",NA,NA
"E",44,"2021-10-04","c131","h001",NA,NA
"E",45,"2021-10-04","c131","h001",NA,NA
"E",46,"2021-10-04","c131","h001",NA,NA
"E",0,"2021-10-04","c194","h001",NA,NA
"E",1,"2021-10-04","c194","h001",NA,NA
"E",2,"2021-10-04","c194","h001",NA,NA
"E",3,"2021-10-04","c194","h001",NA,NA
"E",4,"2021-10-04","c194","h001",NA,NA
"E",4,"2021-10-04","c377","h001",NA,NA
"E",5,"2021-10-04","c377","h001",NA,NA
"E",6,"2021-10-04","c377","h001",NA,NA
"E",7,"2021-10-04","c377","h001",NA,NA
"E",8,"2021-10-04","c377","h001",NA,NA
"E",8,"2021-10-04","c038","h001",NA,NA
"E",9,"2021-10-04","c038","h001",NA,NA
"E",10,"2021-10-04","c038","h001",NA,NA
"E",11,"2021-10-04","c038","h001",NA,NA
"E",12,"2021-10-04","c038","h001",NA,NA
"E",12,"2021-10-04","c008","h001",NA,NA
"E",13,"2021-10-04","c008","h001",NA,NA
"E",14,"2021-10-04","c008","h001",NA,NA
"E",15,"2021-10-04","c008","h001",NA,NA
"E",15,"2021-10-04","c184","h001",NA,NA
"E",16,"2021-10-04","c184","h001",NA,NA
"E",17,"2021-10-04","c184","h001",NA,NA
"E",18,"2021-10-04","c184","h001",NA,NA
"E",18,"2021-10-04","c486","h001",NA,NA
"E",19,"2021-10-04","c486","h001",NA,NA
"E",20,"2021-10-04","c486","h001",NA,NA
"E",21,"2021-10-04","c486","h001",NA,NA
"E",21,"2021-10-04","c185","h001",NA,NA
"E",22,"2021-10-04","c185","h001",NA,NA
"E",23,"2021-10-04","c185","h001",NA,NA
"E",24,"2021-10-04","c185","h001",NA,NA
"E",25,"2021-10-04","c185","h001",NA,NA
"E",25,"2021-10-04","c031","h001",NA,NA
"E",26,"2021-10-04","c031","h001",NA,NA
"E",27,"2021-10-04","c031","h001",NA,NA
"E",28,"2021-10-04","c031","h001",NA,NA
"E",29,"2021-10-04","c031","h001",NA,NA
"E",29,"2021-10-04","c035","h001",NA,NA
"E",30,"2021-10-04","c035","h001",NA,NA
"E",31,"2021-10-04","c035","h001",NA,NA
"E",32,"2021-10-04","c035","h001",NA,NA
"E",33,"2021-10-04","c035","h001",NA,NA
"E",33,"2021-10-04","c022","h001",NA,NA
"E",34,"2021-10-04","c022","h001",NA,NA
"E",35,"2021-10-04","c022","h001",NA,NA
"E",36,"2021-10-04","c022","h001",NA,NA
"E",37,"2021-10-04","c022","h001",NA,NA
"E",37,"2021-10-04","c422","h001",NA,NA
"E",38,"2021-10-04","c422","h001",NA,NA
"E",39,"2021-10-04","c422","h001",NA,NA
"E",39,"2021-10-04","c025","h001",NA,NA
"E",40,"2021-10-04","c025","h001",NA,NA
"E",41,"2021-10-04","c025","h001",NA,NA
"E",42,"2021-10-04","c025","h001",NA,NA
"E",43,"2021-10-04","c025","h001",NA,NA
"E",43,"2021-10-04","c156","h001",NA,NA
"E",44,"2021-10-04","c156","h001",NA,NA
"E",45,"2021-10-04","c156","h001",NA,NA
"E",46,"2021-10-04","c156","h001",NA,NA
"E",0,"2021-10-04","c075","h001",NA,NA
"E",1,"2021-10-04","c075","h001",NA,NA
"E",2,"2021-10-04","c075","h001",NA,NA
"E",3,"2021-10-04","c075","h001",NA,NA
"E",4,"2021-10-04","c075","h001",NA,NA
"E",4,"2021-10-04","c170","h001",NA,NA
"E",5,"2021-10-04","c170","h001",NA,NA
"E",6,"2021-10-04","c170","h001",NA,NA
"E",7,"2021-10-04","c170","h001",NA,NA
"E",8,"2021-10-04","c170","h001",NA,NA
"E",8,"2021-10-04","c358","h001",NA,NA
"E",9,"2021-10-04","c358","h001",NA,NA
"E",10,"2021-10-04","c358","h001",NA,NA
"E",11,"2021-10-04","c358","h001",NA,NA
"E",12,"2021-10-04","c358","h001",NA,NA
"E",0,"2021-10-05","c028","h001",NA,NA
"E",1,"2021-10-05","c028","h001",NA,NA
"E",2,"2021-10-05","c028","h001",NA,NA
"E",3,"2021-10-05","c028","h001",NA,NA
"E",4,"2021-10-05","c028","h001",NA,NA
"E",4,"2021-10-05","c437","h001",NA,NA
"E",5,"2021-10-05","c437","h001",NA,NA
"E",6,"2021-10-05","c437","h001",NA,NA
"E",7,"2021-10-05","c437","h001",NA,NA
"E",8,"2021-10-05","c437","h001",NA,NA
"E",9,"2021-10-05","c437","h001",NA,NA
"E",9,"2021-10-05","c413","h001",NA,NA
"E",10,"2021-10-05","c413","h001",NA,NA
"E",11,"2021-10-05","c413","h001",NA,NA
"E",12,"2021-10-05","c413","h001",NA,NA
"E",13,"2021-10-05","c413","h001",NA,NA
"E",13,"2021-10-05","c009","h001",NA,NA
"E",14,"2021-10-05","c009","h001",NA,NA
"E",15,"2021-10-05","c009","h001",NA,NA
"E",16,"2021-10-05","c009","h001",NA,NA
"E",17,"2021-10-05","c009","h001",NA,NA
"E",18,"2021-10-05","c009","h001",NA,NA
"E",18,"2021-10-05","c060","h001",NA,NA
"E",19,"2021-10-05","c060","h001",NA,NA
"E",20,"2021-10-05","c060","h001",NA,NA
"E",21,"2021-10-05","c060","h001",NA,NA
"E",22,"2021-10-05","c060","h001",NA,NA
"E",22,"2021-10-05","c359","h001",NA,NA
"E",23,"2021-10-05","c359","h001",NA,NA
"E",24,"2021-10-05","c359","h001",NA,NA
"E",25,"2021-10-05","c359","h001",NA,NA
"E",26,"2021-10-05","c359","h001",NA,NA
"E",27,"2021-10-05","c359","h001",NA,NA
"E",27,"2021-10-05","c360","h001",NA,NA
"E",28,"2021-10-05","c360","h001",NA,NA
"E",29,"2021-10-05","c360","h001",NA,NA
"E",30,"2021-10-05","c360","h001",NA,NA
"E",31,"2021-10-05","c360","h001",NA,NA
"E",32,"2021-10-05","c360","h001",NA,NA
"E",32,"2021-10-05","c327","h001",NA,NA
"E",33,"2021-10-05","c327","h001",NA,NA
"E",34,"2021-10-05","c327","h001",NA,NA
"E",35,"2021-10-05","c327","h001",NA,NA
"E",36,"2021-10-05","c327","h001",NA,NA
"E",36,"2021-10-05","c435","h001",NA,NA
"E",37,"2021-10-05","c435","h001",NA,NA
"E",38,"2021-10-05","c435","h001",NA,NA
"E",39,"2021-10-05","c435","h001",NA,NA
"E",40,"2021-10-05","c435","h001",NA,NA
"E",41,"2021-10-05","c435","h001",NA,NA
"E",41,"2021-10-05","c273","h001",NA,NA
"E",42,"2021-10-05","c273","h001",NA,NA
"E",43,"2021-10-05","c273","h001",NA,NA
"E",44,"2021-10-05","c273","h001",NA,NA
"E",45,"2021-10-05","c273","h001",NA,NA
"E",0,"2021-10-05","c260","h001",NA,NA
"E",1,"2021-10-05","c260","h001",NA,NA
"E",2,"2021-10-05","c260","h001",NA,NA
"E",3,"2021-10-05","c260","h001",NA,NA
"E",4,"2021-10-05","c260","h001",NA,NA
"E",4,"2021-10-05","c002","h001",NA,NA
"E",5,"2021-10-05","c002","h001",NA,NA
"E",6,"2021-10-05","c002","h001",NA,NA
"E",6,"2021-10-05","c039","h001",NA,NA
"E",7,"2021-10-05","c039","h001",NA,NA
"E",8,"2021-10-05","c039","h001",NA,NA
"E",8,"2021-10-05","c298","h001",NA,NA
"E",9,"2021-10-05","c298","h001",NA,NA
"E",10,"2021-10-05","c298","h001",NA,NA
"E",11,"2021-10-05","c298","h001",NA,NA
"E",11,"2021-10-05","c129","h001",NA,NA
"E",12,"2021-10-05","c129","h001",NA,NA
"E",13,"2021-10-05","c129","h001",NA,NA
"E",14,"2021-10-05","c129","h001",NA,NA
"E",15,"2021-10-05","c129","h001",NA,NA
"E",16,"2021-10-05","c129","h001",NA,NA
"E",16,"2021-10-05","c426","h001",NA,NA
"E",17,"2021-10-05","c426","h001",NA,NA
"E",18,"2021-10-05","c426","h001",NA,NA
"E",18,"2021-10-05","c035","h001",NA,NA
"E",19,"2021-10-05","c035","h001",NA,NA
"E",20,"2021-10-05","c035","h001",NA,NA
"E",21,"2021-10-05","c035","h001",NA,NA
"E",21,"2021-10-05","c395","h001",NA,NA
"E",22,"2021-10-05","c395","h001",NA,NA
"E",23,"2021-10-05","c395","h001",NA,NA
"E",24,"2021-10-05","c395","h001",NA,NA
"E",25,"2021-10-05","c395","h001",NA,NA
"E",26,"2021-10-05","c395","h001",NA,NA
"E",26,"2021-10-05","c062","h001",NA,NA
"E",27,"2021-10-05","c062","h001",NA,NA
"E",28,"2021-10-05","c062","h001",NA,NA
"E",29,"2021-10-05","c062","h001",NA,NA
"E",29,"2021-10-05","c071","h001",NA,NA
"E",30,"2021-10-05","c071","h001",NA,NA
"E",31,"2021-10-05","c071","h001",NA,NA
"E",31,"2021-10-05","c249","h001",NA,NA
"E",32,"2021-10-05","c249","h001",NA,NA
"E",33,"2021-10-05","c249","h001",NA,NA
"E",34,"2021-10-05","c249","h001",NA,NA
"E",35,"2021-10-05","c249","h001",NA,NA
"E",36,"2021-10-05","c249","h001",NA,NA
"E",36,"2021-10-05","c163","h001",NA,NA
"E",37,"2021-10-05","c163","h001",NA,NA
"E",38,"2021-10-05","c163","h001",NA,NA
"E",39,"2021-10-05","c163","h001",NA,NA
"E",40,"2021-10-05","c163","h001",NA,NA
"E",41,"2021-10-05","c163","h001",NA,NA
"E",41,"2021-10-05","c473","h001",NA,NA
"E",42,"2021-10-05","c473","h001",NA,NA
"E",43,"2021-10-05","c473","h001",NA,NA
"E",43,"2021-10-05","c269","h001",NA,NA
"E",44,"2021-10-05","c269","h001",NA,NA
"E",45,"2021-10-05","c269","h001",NA,NA
"E",46,"2021-10-05","c269","h001",NA,NA
"E",0,"2021-10-05","c172","h001",NA,NA
"E",1,"2021-10-05","c172","h001",NA,NA
"E",2,"2021-10-05","c172","h001",NA,NA
"E",3,"2021-10-05","c172","h001",NA,NA
"E",3,"2021-10-05","c046","h001",NA,NA
"E",4,"2021-10-05","c046","h001",NA,NA
"E",5,"2021-10-05","c046","h001",NA,NA
"E",6,"2021-10-05","c046","h001",NA,NA
"E",6,"2021-10-05","c284","h001",NA,NA
"E",7,"2021-10-05","c284","h001",NA,NA
"E",8,"2021-10-05","c284","h001",NA,NA
"E",8,"2021-10-05","c317","h001",NA,NA
"E",9,"2021-10-05","c317","h001",NA,NA
"E",10,"2021-10-05","c317","h001",NA,NA
"E",11,"2021-10-05","c317","h001",NA,NA
"E",11,"2021-10-05","c383","h001",NA,NA
"E",12,"2021-10-05","c383","h001",NA,NA
"E",13,"2021-10-05","c383","h001",NA,NA
"E",13,"2021-10-05","c217","h001",NA,NA
"E",14,"2021-10-05","c217","h001",NA,NA
"E",15,"2021-10-05","c217","h001",NA,NA
"E",16,"2021-10-05","c217","h001",NA,NA
"E",16,"2021-10-05","c468","h001",NA,NA
"E",17,"2021-10-05","c468","h001",NA,NA
"E",18,"2021-10-05","c468","h001",NA,NA
"E",19,"2021-10-05","c468","h001",NA,NA
"E",20,"2021-10-05","c468","h001",NA,NA
"E",20,"2021-10-05","c357","h001",NA,NA
"E",21,"2021-10-05","c357","h001",NA,NA
"E",22,"2021-10-05","c357","h001",NA,NA
"E",23,"2021-10-05","c357","h001",NA,NA
"E",24,"2021-10-05","c357","h001",NA,NA
"E",25,"2021-10-05","c357","h001",NA,NA
"E",25,"2021-10-05","c378","h001",NA,NA
"E",26,"2021-10-05","c378","h001",NA,NA
"E",27,"2021-10-05","c378","h001",NA,NA
"E",28,"2021-10-05","c378","h001",NA,NA
"E",29,"2021-10-05","c378","h001",NA,NA
"E",30,"2021-10-05","c378","h001",NA,NA
"E",30,"2021-10-05","c407","h001",NA,NA
"E",31,"2021-10-05","c407","h001",NA,NA
"E",32,"2021-10-05","c407","h001",NA,NA
"E",33,"2021-10-05","c407","h001",NA,NA
"E",34,"2021-10-05","c407","h001",NA,NA
"E",34,"2021-10-05","c430","h001",NA,NA
"E",35,"2021-10-05","c430","h001",NA,NA
"E",36,"2021-10-05","c430","h001",NA,NA
"E",37,"2021-10-05","c430","h001",NA,NA
"E",38,"2021-10-05","c430","h001",NA,NA
"E",39,"2021-10-05","c430","h001",NA,NA
"E",39,"2021-10-05","c006","h001",NA,NA
"E",40,"2021-10-05","c006","h001",NA,NA
"E",41,"2021-10-05","c006","h001",NA,NA
"E",42,"2021-10-05","c006","h001",NA,NA
"E",42,"2021-10-05","c337","h001",NA,NA
"E",43,"2021-10-05","c337","h001",NA,NA
"E",44,"2021-10-05","c337","h001",NA,NA
"E",45,"2021-10-05","c337","h001",NA,NA
"E",0,"2021-10-05","c053","h001",NA,NA
"E",1,"2021-10-05","c053","h001",NA,NA
"E",2,"2021-10-05","c053","h001",NA,NA
"E",2,"2021-10-05","c069","h001",NA,NA
"E",3,"2021-10-05","c069","h001",NA,NA
"E",4,"2021-10-05","c069","h001",NA,NA
"E",5,"2021-10-05","c069","h001",NA,NA
"E",6,"2021-10-05","c069","h001",NA,NA
"E",7,"2021-10-05","c069","h001",NA,NA
"E",7,"2021-10-05","c411","h001",NA,NA
"E",8,"2021-10-05","c411","h001",NA,NA
"E",9,"2021-10-05","c411","h001",NA,NA
"E",10,"2021-10-05","c411","h001",NA,NA
"E",10,"2021-10-05","c177","h001",NA,NA
"E",11,"2021-10-05","c177","h001",NA,NA
"E",12,"2021-10-05","c177","h001",NA,NA
"E",13,"2021-10-05","c177","h001",NA,NA
"E",14,"2021-10-05","c177","h001",NA,NA
"E",15,"2021-10-05","c177","h001",NA,NA
"E",15,"2021-10-05","c243","h001",NA,NA
"E",16,"2021-10-05","c243","h001",NA,NA
"E",17,"2021-10-05","c243","h001",NA,NA
"E",17,"2021-10-05","c329","h001",NA,NA
"E",18,"2021-10-05","c329","h001",NA,NA
"E",19,"2021-10-05","c329","h001",NA,NA
"E",19,"2021-10-05","c427","h001",NA,NA
"E",20,"2021-10-05","c427","h001",NA,NA
"E",21,"2021-10-05","c427","h001",NA,NA
"E",22,"2021-10-05","c427","h001",NA,NA
"E",23,"2021-10-05","c427","h001",NA,NA
"E",23,"2021-10-05","c220","h001",NA,NA
"E",24,"2021-10-05","c220","h001",NA,NA
"E",25,"2021-10-05","c220","h001",NA,NA
"E",26,"2021-10-05","c220","h001",NA,NA
"E",27,"2021-10-05","c220","h001",NA,NA
"E",28,"2021-10-05","c220","h001",NA,NA
"E",28,"2021-10-05","c089","h001",NA,NA
"E",29,"2021-10-05","c089","h001",NA,NA
"E",30,"2021-10-05","c089","h001",NA,NA
"E",30,"2021-10-05","c014","h001",NA,NA
"E",31,"2021-10-05","c014","h001",NA,NA
"E",32,"2021-10-05","c014","h001",NA,NA
"E",33,"2021-10-05","c014","h001",NA,NA
"E",34,"2021-10-05","c014","h001",NA,NA
"E",35,"2021-10-05","c014","h001",NA,NA
"E",35,"2021-10-05","c186","h001",NA,NA
"E",36,"2021-10-05","c186","h001",NA,NA
"E",37,"2021-10-05","c186","h001",NA,NA
"E",38,"2021-10-05","c186","h001",NA,NA
"E",39,"2021-10-05","c186","h001",NA,NA
"E",40,"2021-10-05","c186","h001",NA,NA
"E",40,"2021-10-05","c128","h001",NA,NA
"E",41,"2021-10-05","c128","h001",NA,NA
"E",42,"2021-10-05","c128","h001",NA,NA
"E",43,"2021-10-05","c128","h001",NA,NA
"E",44,"2021-10-05","c128","h001",NA,NA
"E",0,"2021-10-05","c464","h001",NA,NA
"E",1,"2021-10-05","c464","h001",NA,NA
"E",2,"2021-10-05","c464","h001",NA,NA
"E",3,"2021-10-05","c464","h001",NA,NA
"E",3,"2021-10-05","c434","h001",NA,NA
"E",4,"2021-10-05","c434","h001",NA,NA
"E",5,"2021-10-05","c434","h001",NA,NA
"E",6,"2021-10-05","c434","h001",NA,NA
"E",7,"2021-10-05","c434","h001",NA,NA
"E",7,"2021-10-05","c401","h001",NA,NA
"E",8,"2021-10-05","c401","h001",NA,NA
"E",9,"2021-10-05","c401","h001",NA,NA
"E",10,"2021-10-05","c401","h001",NA,NA
"E",10,"2021-10-05","c455","h001",NA,NA
"E",11,"2021-10-05","c455","h001",NA,NA
"E",12,"2021-10-05","c455","h001",NA,NA
"E",13,"2021-10-05","c455","h001",NA,NA
"E",14,"2021-10-05","c455","h001",NA,NA
"E",14,"2021-10-05","c141","h001",NA,NA
"E",15,"2021-10-05","c141","h001",NA,NA
"E",16,"2021-10-05","c141","h001",NA,NA
"E",16,"2021-10-05","c360","h001",NA,NA
"E",17,"2021-10-05","c360","h001",NA,NA
"E",18,"2021-10-05","c360","h001",NA,NA
"E",19,"2021-10-05","c360","h001",NA,NA
"E",19,"2021-10-05","c167","h001",NA,NA
"E",20,"2021-10-05","c167","h001",NA,NA
"E",21,"2021-10-05","c167","h001",NA,NA
"E",22,"2021-10-05","c167","h001",NA,NA
"E",22,"2021-10-05","c200","h001",NA,NA
"E",23,"2021-10-05","c200","h001",NA,NA
"E",24,"2021-10-05","c200","h001",NA,NA
"E",25,"2021-10-05","c200","h001",NA,NA
"E",26,"2021-10-05","c200","h001",NA,NA
"E",27,"2021-10-05","c200","h001",NA,NA
"E",27,"2021-10-05","c018","h001",NA,NA
"E",28,"2021-10-05","c018","h001",NA,NA
"E",29,"2021-10-05","c018","h001",NA,NA
"E",30,"2021-10-05","c018","h001",NA,NA
"E",31,"2021-10-05","c018","h001",NA,NA
"E",32,"2021-10-05","c018","h001",NA,NA
"E",32,"2021-10-05","c081","h001",NA,NA
"E",33,"2021-10-05","c081","h001",NA,NA
"E",34,"2021-10-05","c081","h001",NA,NA
"E",35,"2021-10-05","c081","h001",NA,NA
"E",35,"2021-10-05","c257","h001",NA,NA
"E",36,"2021-10-05","c257","h001",NA,NA
"E",37,"2021-10-05","c257","h001",NA,NA
"E",38,"2021-10-05","c257","h001",NA,NA
"E",39,"2021-10-05","c257","h001",NA,NA
"E",39,"2021-10-05","c050","h001",NA,NA
"E",40,"2021-10-05","c050","h001",NA,NA
"E",41,"2021-10-05","c050","h001",NA,NA
"E",42,"2021-10-05","c050","h001",NA,NA
"E",43,"2021-10-05","c050","h001",NA,NA
"E",43,"2021-10-05","c424","h001",NA,NA
"E",44,"2021-10-05","c424","h001",NA,NA
"E",45,"2021-10-05","c424","h001",NA,NA
"E",46,"2021-10-05","c424","h001",NA,NA
"E",47,"2021-10-05","c424","h001",NA,NA
"E",0,"2021-10-05","c169","h001",NA,NA
"E",1,"2021-10-05","c169","h001",NA,NA
"E",2,"2021-10-05","c169","h001",NA,NA
"E",3,"2021-10-05","c169","h001",NA,NA
"E",3,"2021-10-05","c135","h001",NA,NA
"E",4,"2021-10-05","c135","h001",NA,NA
"E",5,"2021-10-05","c135","h001",NA,NA
"E",5,"2021-10-05","c112","h001",NA,NA
"E",6,"2021-10-05","c112","h001",NA,NA
"E",7,"2021-10-05","c112","h001",NA,NA
"E",8,"2021-10-05","c112","h001",NA,NA
"E",9,"2021-10-05","c112","h001",NA,NA
"E",9,"2021-10-05","c116","h001",NA,NA
"E",10,"2021-10-05","c116","h001",NA,NA
"E",11,"2021-10-05","c116","h001",NA,NA
"E",11,"2021-10-05","c295","h001",NA,NA
"E",12,"2021-10-05","c295","h001",NA,NA
"E",13,"2021-10-05","c295","h001",NA,NA
"E",14,"2021-10-05","c295","h001",NA,NA
"E",15,"2021-10-05","c295","h001",NA,NA
"E",16,"2021-10-05","c295","h001",NA,NA
"E",16,"2021-10-05","c078","h001",NA,NA
"E",17,"2021-10-05","c078","h001",NA,NA
"E",18,"2021-10-05","c078","h001",NA,NA
"E",19,"2021-10-05","c078","h001",NA,NA
"E",20,"2021-10-05","c078","h001",NA,NA
"E",21,"2021-10-05","c078","h001",NA,NA
"E",21,"2021-10-05","c112","h001",NA,NA
"E",22,"2021-10-05","c112","h001",NA,NA
"E",23,"2021-10-05","c112","h001",NA,NA
"E",24,"2021-10-05","c112","h001",NA,NA
"E",24,"2021-10-05","c495","h001",NA,NA
"E",25,"2021-10-05","c495","h001",NA,NA
"E",26,"2021-10-05","c495","h001",NA,NA
"E",27,"2021-10-05","c495","h001",NA,NA
"E",28,"2021-10-05","c495","h001",NA,NA
"E",29,"2021-10-05","c495","h001",NA,NA
"E",29,"2021-10-05","c069","h001",NA,NA
"E",30,"2021-10-05","c069","h001",NA,NA
"E",31,"2021-10-05","c069","h001",NA,NA
"E",32,"2021-10-05","c069","h001",NA,NA
"E",33,"2021-10-05","c069","h001",NA,NA
"E",0,"2021-10-06","c386","h001",NA,NA
"E",1,"2021-10-06","c386","h001",NA,NA
"E",2,"2021-10-06","c386","h001",NA,NA
"E",2,"2021-10-06","c085","h001",NA,NA
"E",3,"2021-10-06","c085","h001",NA,NA
"E",4,"2021-10-06","c085","h001",NA,NA
"E",5,"2021-10-06","c085","h001",NA,NA
"E",6,"2021-10-06","c085","h001",NA,NA
"E",7,"2021-10-06","c085","h001",NA,NA
"E",7,"2021-10-06","c426","h001",NA,NA
"E",8,"2021-10-06","c426","h001",NA,NA
"E",9,"2021-10-06","c426","h001",NA,NA
"E",9,"2021-10-06","c170","h001",NA,NA
"E",10,"2021-10-06","c170","h001",NA,NA
"E",11,"2021-10-06","c170","h001",NA,NA
"E",11,"2021-10-06","c489","h001",NA,NA
"E",12,"2021-10-06","c489","h001",NA,NA
"E",13,"2021-10-06","c489","h001",NA,NA
"E",14,"2021-10-06","c489","h001",NA,NA
"E",15,"2021-10-06","c489","h001",NA,NA
"E",16,"2021-10-06","c489","h001",NA,NA
"E",16,"2021-10-06","c451","h001",NA,NA
"E",17,"2021-10-06","c451","h001",NA,NA
"E",18,"2021-10-06","c451","h001",NA,NA
"E",19,"2021-10-06","c451","h001",NA,NA
"E",19,"2021-10-06","c182","h001",NA,NA
"E",20,"2021-10-06","c182","h001",NA,NA
"E",21,"2021-10-06","c182","h001",NA,NA
"E",21,"2021-10-06","c130","h001",NA,NA
"E",22,"2021-10-06","c130","h001",NA,NA
"E",23,"2021-10-06","c130","h001",NA,NA
"E",23,"2021-10-06","c462","h001",NA,NA
"E",24,"2021-10-06","c462","h001",NA,NA
"E",25,"2021-10-06","c462","h001",NA,NA
"E",26,"2021-10-06","c462","h001",NA,NA
"E",26,"2021-10-06","c245","h001",NA,NA
"E",27,"2021-10-06","c245","h001",NA,NA
"E",28,"2021-10-06","c245","h001",NA,NA
"E",29,"2021-10-06","c245","h001",NA,NA
"E",29,"2021-10-06","c094","h001",NA,NA
"E",30,"2021-10-06","c094","h001",NA,NA
"E",31,"2021-10-06","c094","h001",NA,NA
"E",32,"2021-10-06","c094","h001",NA,NA
"E",33,"2021-10-06","c094","h001",NA,NA
"E",34,"2021-10-06","c094","h001",NA,NA
"E",34,"2021-10-06","c364","h001",NA,NA
"E",35,"2021-10-06","c364","h001",NA,NA
"E",36,"2021-10-06","c364","h001",NA,NA
"E",37,"2021-10-06","c364","h001",NA,NA
"E",37,"2021-10-06","c085","h001",NA,NA
"E",38,"2021-10-06","c085","h001",NA,NA
"E",39,"2021-10-06","c085","h001",NA,NA
"E",40,"2021-10-06","c085","h001",NA,NA
"E",40,"2021-10-06","c241","h001",NA,NA
"E",41,"2021-10-06","c241","h001",NA,NA
"E",42,"2021-10-06","c241","h001",NA,NA
"E",43,"2021-10-06","c241","h001",NA,NA
"E",43,"2021-10-06","c303","h001",NA,NA
"E",44,"2021-10-06","c303","h001",NA,NA
"E",45,"2021-10-06","c303","h001",NA,NA
"E",45,"2021-10-06","c048","h001",NA,NA
"E",46,"2021-10-06","c048","h001",NA,NA
"E",47,"2021-10-06","c048","h001",NA,NA
"E",0,"2021-10-06","c426","h001",NA,NA
"E",1,"2021-10-06","c426","h001",NA,NA
"E",2,"2021-10-06","c426","h001",NA,NA
"E",3,"2021-10-06","c426","h001",NA,NA
"E",4,"2021-10-06","c426","h001",NA,NA
"E",5,"2021-10-06","c426","h001",NA,NA
"E",5,"2021-10-06","c170","h001",NA,NA
"E",6,"2021-10-06","c170","h001",NA,NA
"E",7,"2021-10-06","c170","h001",NA,NA
"E",7,"2021-10-06","c057","h001",NA,NA
"E",8,"2021-10-06","c057","h001",NA,NA
"E",9,"2021-10-06","c057","h001",NA,NA
"E",10,"2021-10-06","c057","h001",NA,NA
"E",11,"2021-10-06","c057","h001",NA,NA
"E",11,"2021-10-06","c058","h001",NA,NA
"E",12,"2021-10-06","c058","h001",NA,NA
"E",13,"2021-10-06","c058","h001",NA,NA
"E",14,"2021-10-06","c058","h001",NA,NA
"E",15,"2021-10-06","c058","h001",NA,NA
"E",16,"2021-10-06","c058","h001",NA,NA
"E",16,"2021-10-06","c490","h001",NA,NA
"E",17,"2021-10-06","c490","h001",NA,NA
"E",18,"2021-10-06","c490","h001",NA,NA
"E",18,"2021-10-06","c284","h001",NA,NA
"E",19,"2021-10-06","c284","h001",NA,NA
"E",20,"2021-10-06","c284","h001",NA,NA
"E",20,"2021-10-06","c076","h001",NA,NA
"E",21,"2021-10-06","c076","h001",NA,NA
"E",22,"2021-10-06","c076","h001",NA,NA
"E",22,"2021-10-06","c251","h001",NA,NA
"E",23,"2021-10-06","c251","h001",NA,NA
"E",24,"2021-10-06","c251","h001",NA,NA
"E",24,"2021-10-06","c069","h001",NA,NA
"E",25,"2021-10-06","c069","h001",NA,NA
"E",26,"2021-10-06","c069","h001",NA,NA
"E",27,"2021-10-06","c069","h001",NA,NA
"E",28,"2021-10-06","c069","h001",NA,NA
"E",28,"2021-10-06","c107","h001",NA,NA
"E",29,"2021-10-06","c107","h001",NA,NA
"E",30,"2021-10-06","c107","h001",NA,NA
"E",31,"2021-10-06","c107","h001",NA,NA
"E",31,"2021-10-06","c334","h001",NA,NA
"E",32,"2021-10-06","c334","h001",NA,NA
"E",33,"2021-10-06","c334","h001",NA,NA
"E",34,"2021-10-06","c334","h001",NA,NA
"E",34,"2021-10-06","c429","h001",NA,NA
"E",35,"2021-10-06","c429","h001",NA,NA
"E",36,"2021-10-06","c429","h001",NA,NA
"E",37,"2021-10-06","c429","h001",NA,NA
"E",38,"2021-10-06","c429","h001",NA,NA
"E",38,"2021-10-06","c014","h001",NA,NA
"E",39,"2021-10-06","c014","h001",NA,NA
"E",40,"2021-10-06","c014","h001",NA,NA
"E",41,"2021-10-06","c014","h001",NA,NA
"E",42,"2021-10-06","c014","h001",NA,NA
"E",42,"2021-10-06","c174","h001",NA,NA
"E",43,"2021-10-06","c174","h001",NA,NA
"E",44,"2021-10-06","c174","h001",NA,NA
"E",45,"2021-10-06","c174","h001",NA,NA
"E",0,"2021-10-06","c011","h001",NA,NA
"E",1,"2021-10-06","c011","h001",NA,NA
"E",2,"2021-10-06","c011","h001",NA,NA
"E",3,"2021-10-06","c011","h001",NA,NA
"E",4,"2021-10-06","c011","h001",NA,NA
"E",5,"2021-10-06","c011","h001",NA,NA
"E",5,"2021-10-06","c143","h001",NA,NA
"E",6,"2021-10-06","c143","h001",NA,NA
"E",7,"2021-10-06","c143","h001",NA,NA
"E",8,"2021-10-06","c143","h001",NA,NA
"E",9,"2021-10-06","c143","h001",NA,NA
"E",9,"2021-10-06","c081","h001",NA,NA
"E",10,"2021-10-06","c081","h001",NA,NA
"E",11,"2021-10-06","c081","h001",NA,NA
"E",11,"2021-10-06","c259","h001",NA,NA
"E",12,"2021-10-06","c259","h001",NA,NA
"E",13,"2021-10-06","c259","h001",NA,NA
"E",14,"2021-10-06","c259","h001",NA,NA
"E",15,"2021-10-06","c259","h001",NA,NA
"E",15,"2021-10-06","c260","h001",NA,NA
"E",16,"2021-10-06","c260","h001",NA,NA
"E",17,"2021-10-06","c260","h001",NA,NA
"E",18,"2021-10-06","c260","h001",NA,NA
"E",18,"2021-10-06","c064","h001",NA,NA
"E",19,"2021-10-06","c064","h001",NA,NA
"E",20,"2021-10-06","c064","h001",NA,NA
"E",21,"2021-10-06","c064","h001",NA,NA
"E",22,"2021-10-06","c064","h001",NA,NA
"E",22,"2021-10-06","c141","h001",NA,NA
"E",23,"2021-10-06","c141","h001",NA,NA
"E",24,"2021-10-06","c141","h001",NA,NA
"E",25,"2021-10-06","c141","h001",NA,NA
"E",25,"2021-10-06","c247","h001",NA,NA
"E",26,"2021-10-06","c247","h001",NA,NA
"E",27,"2021-10-06","c247","h001",NA,NA
"E",28,"2021-10-06","c247","h001",NA,NA
"E",29,"2021-10-06","c247","h001",NA,NA
"E",30,"2021-10-06","c247","h001",NA,NA
"E",30,"2021-10-06","c411","h001",NA,NA
"E",31,"2021-10-06","c411","h001",NA,NA
"E",32,"2021-10-06","c411","h001",NA,NA
"E",33,"2021-10-06","c411","h001",NA,NA
"E",34,"2021-10-06","c411","h001",NA,NA
"E",34,"2021-10-06","c190","h001",NA,NA
"E",35,"2021-10-06","c190","h001",NA,NA
"E",36,"2021-10-06","c190","h001",NA,NA
"E",37,"2021-10-06","c190","h001",NA,NA
"E",38,"2021-10-06","c190","h001",NA,NA
"E",38,"2021-10-06","c163","h001",NA,NA
"E",39,"2021-10-06","c163","h001",NA,NA
"E",40,"2021-10-06","c163","h001",NA,NA
"E",41,"2021-10-06","c163","h001",NA,NA
"E",42,"2021-10-06","c163","h001",NA,NA
"E",43,"2021-10-06","c163","h001",NA,NA
"E",43,"2021-10-06","c284","h001",NA,NA
"E",44,"2021-10-06","c284","h001",NA,NA
"E",45,"2021-10-06","c284","h001",NA,NA
"E",45,"2021-10-06","c458","h001",NA,NA
"E",46,"2021-10-06","c458","h001",NA,NA
"E",47,"2021-10-06","c458","h001",NA,NA
"E",0,"2021-10-06","c379","h001",NA,NA
"E",1,"2021-10-06","c379","h001",NA,NA
"E",2,"2021-10-06","c379","h001",NA,NA
"E",2,"2021-10-06","c224","h001",NA,NA
"E",3,"2021-10-06","c224","h001",NA,NA
"E",4,"2021-10-06","c224","h001",NA,NA
"E",4,"2021-10-06","c120","h001",NA,NA
"E",5,"2021-10-06","c120","h001",NA,NA
"E",6,"2021-10-06","c120","h001",NA,NA
"E",6,"2021-10-06","c369","h001",NA,NA
"E",7,"2021-10-06","c369","h001",NA,NA
"E",8,"2021-10-06","c369","h001",NA,NA
"E",8,"2021-10-06","c282","h001",NA,NA
"E",9,"2021-10-06","c282","h001",NA,NA
"E",10,"2021-10-06","c282","h001",NA,NA
"E",11,"2021-10-06","c282","h001",NA,NA
"E",11,"2021-10-06","c040","h001",NA,NA
"E",12,"2021-10-06","c040","h001",NA,NA
"E",13,"2021-10-06","c040","h001",NA,NA
"E",14,"2021-10-06","c040","h001",NA,NA
"E",15,"2021-10-06","c040","h001",NA,NA
"E",16,"2021-10-06","c040","h001",NA,NA
"E",16,"2021-10-06","c428","h001",NA,NA
"E",17,"2021-10-06","c428","h001",NA,NA
"E",18,"2021-10-06","c428","h001",NA,NA
"E",18,"2021-10-06","c035","h001",NA,NA
"E",19,"2021-10-06","c035","h001",NA,NA
"E",20,"2021-10-06","c035","h001",NA,NA
"E",21,"2021-10-06","c035","h001",NA,NA
"E",22,"2021-10-06","c035","h001",NA,NA
"E",23,"2021-10-06","c035","h001",NA,NA
"E",23,"2021-10-06","c205","h001",NA,NA
"E",24,"2021-10-06","c205","h001",NA,NA
"E",25,"2021-10-06","c205","h001",NA,NA
"E",26,"2021-10-06","c205","h001",NA,NA
"E",26,"2021-10-06","c453","h001",NA,NA
"E",27,"2021-10-06","c453","h001",NA,NA
"E",28,"2021-10-06","c453","h001",NA,NA
"E",29,"2021-10-06","c453","h001",NA,NA
"E",30,"2021-10-06","c453","h001",NA,NA
"E",31,"2021-10-06","c453","h001",NA,NA
"E",31,"2021-10-06","c475","h001",NA,NA
"E",32,"2021-10-06","c475","h001",NA,NA
"E",33,"2021-10-06","c475","h001",NA,NA
"E",34,"2021-10-06","c475","h001",NA,NA
"E",35,"2021-10-06","c475","h001",NA,NA
"E",35,"2021-10-06","c301","h001",NA,NA
"E",36,"2021-10-06","c301","h001",NA,NA
"E",37,"2021-10-06","c301","h001",NA,NA
"E",37,"2021-10-06","c090","h001",NA,NA
"E",38,"2021-10-06","c090","h001",NA,NA
"E",39,"2021-10-06","c090","h001",NA,NA
"E",40,"2021-10-06","c090","h001",NA,NA
"E",41,"2021-10-06","c090","h001",NA,NA
"E",42,"2021-10-06","c090","h001",NA,NA
"E",42,"2021-10-06","c004","h001",NA,NA
"E",43,"2021-10-06","c004","h001",NA,NA
"E",44,"2021-10-06","c004","h001",NA,NA
"E",45,"2021-10-06","c004","h001",NA,NA
"E",0,"2021-10-06","c179","h001",NA,NA
"E",1,"2021-10-06","c179","h001",NA,NA
"E",2,"2021-10-06","c179","h001",NA,NA
"E",3,"2021-10-06","c179","h001",NA,NA
"E",3,"2021-10-06","c309","h001",NA,NA
"E",4,"2021-10-06","c309","h001",NA,NA
"E",5,"2021-10-06","c309","h001",NA,NA
"E",6,"2021-10-06","c309","h001",NA,NA
"E",7,"2021-10-06","c309","h001",NA,NA
"E",8,"2021-10-06","c309","h001",NA,NA
"E",8,"2021-10-06","c127","h001",NA,NA
"E",9,"2021-10-06","c127","h001",NA,NA
"E",10,"2021-10-06","c127","h001",NA,NA
"E",11,"2021-10-06","c127","h001",NA,NA
"E",11,"2021-10-06","c408","h001",NA,NA
"E",12,"2021-10-06","c408","h001",NA,NA
"E",13,"2021-10-06","c408","h001",NA,NA
"E",13,"2021-10-06","c188","h001",NA,NA
"E",14,"2021-10-06","c188","h001",NA,NA
"E",15,"2021-10-06","c188","h001",NA,NA
"E",16,"2021-10-06","c188","h001",NA,NA
"E",17,"2021-10-06","c188","h001",NA,NA
"E",17,"2021-10-06","c041","h001",NA,NA
"E",18,"2021-10-06","c041","h001",NA,NA
"E",19,"2021-10-06","c041","h001",NA,NA
"E",20,"2021-10-06","c041","h001",NA,NA
"E",21,"2021-10-06","c041","h001",NA,NA
"E",22,"2021-10-06","c041","h001",NA,NA
"E",22,"2021-10-06","c278","h001",NA,NA
"E",23,"2021-10-06","c278","h001",NA,NA
"E",24,"2021-10-06","c278","h001",NA,NA
"E",25,"2021-10-06","c278","h001",NA,NA
"E",26,"2021-10-06","c278","h001",NA,NA
"E",26,"2021-10-06","c295","h001",NA,NA
"E",27,"2021-10-06","c295","h001",NA,NA
"E",28,"2021-10-06","c295","h001",NA,NA
"E",28,"2021-10-06","c033","h001",NA,NA
"E",29,"2021-10-06","c033","h001",NA,NA
"E",30,"2021-10-06","c033","h001",NA,NA
"E",31,"2021-10-06","c033","h001",NA,NA
"E",32,"2021-10-06","c033","h001",NA,NA
"E",33,"2021-10-06","c033","h001",NA,NA
"E",33,"2021-10-06","c444","h001",NA,NA
"E",34,"2021-10-06","c444","h001",NA,NA
"E",35,"2021-10-06","c444","h001",NA,NA
"E",36,"2021-10-06","c444","h001",NA,NA
"E",37,"2021-10-06","c444","h001",NA,NA
"E",38,"2021-10-06","c444","h001",NA,NA
"E",38,"2021-10-06","c256","h001",NA,NA
"E",39,"2021-10-06","c256","h001",NA,NA
"E",40,"2021-10-06","c256","h001",NA,NA
"E",41,"2021-10-06","c256","h001",NA,NA
"E",42,"2021-10-06","c256","h001",NA,NA
"E",0,"2021-10-07","c355","h001",NA,NA
"E",1,"2021-10-07","c355","h001",NA,NA
"E",2,"2021-10-07","c355","h001",NA,NA
"E",3,"2021-10-07","c355","h001",NA,NA
"E",3,"2021-10-07","c082","h001",NA,NA
"E",4,"2021-10-07","c082","h001",NA,NA
"E",5,"2021-10-07","c082","h001",NA,NA
"E",5,"2021-10-07","c271","h001",NA,NA
"E",6,"2021-10-07","c271","h001",NA,NA
"E",7,"2021-10-07","c271","h001",NA,NA
"E",7,"2021-10-07","c419","h001",NA,NA
"E",8,"2021-10-07","c419","h001",NA,NA
"E",9,"2021-10-07","c419","h001",NA,NA
"E",10,"2021-10-07","c419","h001",NA,NA
"E",11,"2021-10-07","c419","h001",NA,NA
"E",12,"2021-10-07","c419","h001",NA,NA
"E",12,"2021-10-07","c227","h001",NA,NA
"E",13,"2021-10-07","c227","h001",NA,NA
"E",14,"2021-10-07","c227","h001",NA,NA
"E",15,"2021-10-07","c227","h001",NA,NA
"E",16,"2021-10-07","c227","h001",NA,NA
"E",17,"2021-10-07","c227","h001",NA,NA
"E",17,"2021-10-07","c054","h001",NA,NA
"E",18,"2021-10-07","c054","h001",NA,NA
"E",19,"2021-10-07","c054","h001",NA,NA
"E",20,"2021-10-07","c054","h001",NA,NA
"E",20,"2021-10-07","c089","h001",NA,NA
"E",21,"2021-10-07","c089","h001",NA,NA
"E",22,"2021-10-07","c089","h001",NA,NA
"E",23,"2021-10-07","c089","h001",NA,NA
"E",23,"2021-10-07","c281","h001",NA,NA
"E",24,"2021-10-07","c281","h001",NA,NA
"E",25,"2021-10-07","c281","h001",NA,NA
"E",25,"2021-10-07","c239","h001",NA,NA
"E",26,"2021-10-07","c239","h001",NA,NA
"E",27,"2021-10-07","c239","h001",NA,NA
"E",28,"2021-10-07","c239","h001",NA,NA
"E",29,"2021-10-07","c239","h001",NA,NA
"E",30,"2021-10-07","c239","h001",NA,NA
"E",30,"2021-10-07","c387","h001",NA,NA
"E",31,"2021-10-07","c387","h001",NA,NA
"E",32,"2021-10-07","c387","h001",NA,NA
"E",33,"2021-10-07","c387","h001",NA,NA
"E",34,"2021-10-07","c387","h001",NA,NA
"E",34,"2021-10-07","c483","h001",NA,NA
"E",35,"2021-10-07","c483","h001",NA,NA
"E",36,"2021-10-07","c483","h001",NA,NA
"E",36,"2021-10-07","c336","h001",NA,NA
"E",37,"2021-10-07","c336","h001",NA,NA
"E",38,"2021-10-07","c336","h001",NA,NA
"E",39,"2021-10-07","c336","h001",NA,NA
"E",39,"2021-10-07","c029","h001",NA,NA
"E",40,"2021-10-07","c029","h001",NA,NA
"E",41,"2021-10-07","c029","h001",NA,NA
"E",42,"2021-10-07","c029","h001",NA,NA
"E",43,"2021-10-07","c029","h001",NA,NA
"E",43,"2021-10-07","c120","h001",NA,NA
"E",44,"2021-10-07","c120","h001",NA,NA
"E",45,"2021-10-07","c120","h001",NA,NA
"E",45,"2021-10-07","c278","h001",NA,NA
"E",46,"2021-10-07","c278","h001",NA,NA
"E",47,"2021-10-07","c278","h001",NA,NA
"E",0,"2021-10-07","c115","h001",NA,NA
"E",1,"2021-10-07","c115","h001",NA,NA
"E",2,"2021-10-07","c115","h001",NA,NA
"E",3,"2021-10-07","c115","h001",NA,NA
"E",4,"2021-10-07","c115","h001",NA,NA
"E",4,"2021-10-07","c041","h001",NA,NA
"E",5,"2021-10-07","c041","h001",NA,NA
"E",6,"2021-10-07","c041","h001",NA,NA
"E",7,"2021-10-07","c041","h001",NA,NA
"E",7,"2021-10-07","c171","h001",NA,NA
"E",8,"2021-10-07","c171","h001",NA,NA
"E",9,"2021-10-07","c171","h001",NA,NA
"E",10,"2021-10-07","c171","h001",NA,NA
"E",11,"2021-10-07","c171","h001",NA,NA
"E",11,"2021-10-07","c257","h001",NA,NA
"E",12,"2021-10-07","c257","h001",NA,NA
"E",13,"2021-10-07","c257","h001",NA,NA
"E",13,"2021-10-07","c234","h001",NA,NA
"E",14,"2021-10-07","c234","h001",NA,NA
"E",15,"2021-10-07","c234","h001",NA,NA
"E",16,"2021-10-07","c234","h001",NA,NA
"E",17,"2021-10-07","c234","h001",NA,NA
"E",18,"2021-10-07","c234","h001",NA,NA
"E",18,"2021-10-07","c121","h001",NA,NA
"E",19,"2021-10-07","c121","h001",NA,NA
"E",20,"2021-10-07","c121","h001",NA,NA
"E",21,"2021-10-07","c121","h001",NA,NA
"E",22,"2021-10-07","c121","h001",NA,NA
"E",22,"2021-10-07","c107","h001",NA,NA
"E",23,"2021-10-07","c107","h001",NA,NA
"E",24,"2021-10-07","c107","h001",NA,NA
"E",24,"2021-10-07","c093","h001",NA,NA
"E",25,"2021-10-07","c093","h001",NA,NA
"E",26,"2021-10-07","c093","h001",NA,NA
"E",27,"2021-10-07","c093","h001",NA,NA
"E",28,"2021-10-07","c093","h001",NA,NA
"E",29,"2021-10-07","c093","h001",NA,NA
"E",29,"2021-10-07","c224","h001",NA,NA
"E",30,"2021-10-07","c224","h001",NA,NA
"E",31,"2021-10-07","c224","h001",NA,NA
"E",32,"2021-10-07","c224","h001",NA,NA
"E",33,"2021-10-07","c224","h001",NA,NA
"E",33,"2021-10-07","c202","h001",NA,NA
"E",34,"2021-10-07","c202","h001",NA,NA
"E",35,"2021-10-07","c202","h001",NA,NA
"E",36,"2021-10-07","c202","h001",NA,NA
"E",36,"2021-10-07","c085","h001",NA,NA
"E",37,"2021-10-07","c085","h001",NA,NA
"E",38,"2021-10-07","c085","h001",NA,NA
"E",39,"2021-10-07","c085","h001",NA,NA
"E",40,"2021-10-07","c085","h001",NA,NA
"E",41,"2021-10-07","c085","h001",NA,NA
"E",41,"2021-10-07","c243","h001",NA,NA
"E",42,"2021-10-07","c243","h001",NA,NA
"E",43,"2021-10-07","c243","h001",NA,NA
"E",44,"2021-10-07","c243","h001",NA,NA
"E",0,"2021-10-07","c086","h001",NA,NA
"E",1,"2021-10-07","c086","h001",NA,NA
"E",2,"2021-10-07","c086","h001",NA,NA
"E",3,"2021-10-07","c086","h001",NA,NA
"E",3,"2021-10-07","c187","h001",NA,NA
"E",4,"2021-10-07","c187","h001",NA,NA
"E",5,"2021-10-07","c187","h001",NA,NA
"E",6,"2021-10-07","c187","h001",NA,NA
"E",7,"2021-10-07","c187","h001",NA,NA
"E",8,"2021-10-07","c187","h001",NA,NA
"E",8,"2021-10-07","c487","h001",NA,NA
"E",9,"2021-10-07","c487","h001",NA,NA
"E",10,"2021-10-07","c487","h001",NA,NA
"E",10,"2021-10-07","c361","h001",NA,NA
"E",11,"2021-10-07","c361","h001",NA,NA
"E",12,"2021-10-07","c361","h001",NA,NA
"E",13,"2021-10-07","c361","h001",NA,NA
"E",14,"2021-10-07","c361","h001",NA,NA
"E",14,"2021-10-07","c476","h001",NA,NA
"E",15,"2021-10-07","c476","h001",NA,NA
"E",16,"2021-10-07","c476","h001",NA,NA
"E",17,"2021-10-07","c476","h001",NA,NA
"E",17,"2021-10-07","c380","h001",NA,NA
"E",18,"2021-10-07","c380","h001",NA,NA
"E",19,"2021-10-07","c380","h001",NA,NA
"E",20,"2021-10-07","c380","h001",NA,NA
"E",20,"2021-10-07","c457","h001",NA,NA
"E",21,"2021-10-07","c457","h001",NA,NA
"E",22,"2021-10-07","c457","h001",NA,NA
"E",23,"2021-10-07","c457","h001",NA,NA
"E",24,"2021-10-07","c457","h001",NA,NA
"E",24,"2021-10-07","c120","h001",NA,NA
"E",25,"2021-10-07","c120","h001",NA,NA
"E",26,"2021-10-07","c120","h001",NA,NA
"E",27,"2021-10-07","c120","h001",NA,NA
"E",28,"2021-10-07","c120","h001",NA,NA
"E",29,"2021-10-07","c120","h001",NA,NA
"E",29,"2021-10-07","c177","h001",NA,NA
"E",30,"2021-10-07","c177","h001",NA,NA
"E",31,"2021-10-07","c177","h001",NA,NA
"E",32,"2021-10-07","c177","h001",NA,NA
"E",32,"2021-10-07","c392","h001",NA,NA
"E",33,"2021-10-07","c392","h001",NA,NA
"E",34,"2021-10-07","c392","h001",NA,NA
"E",34,"2021-10-07","c462","h001",NA,NA
"E",35,"2021-10-07","c462","h001",NA,NA
"E",36,"2021-10-07","c462","h001",NA,NA
"E",37,"2021-10-07","c462","h001",NA,NA
"E",37,"2021-10-07","c147","h001",NA,NA
"E",38,"2021-10-07","c147","h001",NA,NA
"E",39,"2021-10-07","c147","h001",NA,NA
"E",40,"2021-10-07","c147","h001",NA,NA
"E",41,"2021-10-07","c147","h001",NA,NA
"E",41,"2021-10-07","c299","h001",NA,NA
"E",42,"2021-10-07","c299","h001",NA,NA
"E",43,"2021-10-07","c299","h001",NA,NA
"E",44,"2021-10-07","c299","h001",NA,NA
"E",45,"2021-10-07","c299","h001",NA,NA
"E",0,"2021-10-07","c301","h001",NA,NA
"E",1,"2021-10-07","c301","h001",NA,NA
"E",2,"2021-10-07","c301","h001",NA,NA
"E",3,"2021-10-07","c301","h001",NA,NA
"E",3,"2021-10-07","c159","h001",NA,NA
"E",4,"2021-10-07","c159","h001",NA,NA
"E",5,"2021-10-07","c159","h001",NA,NA
"E",6,"2021-10-07","c159","h001",NA,NA
"E",7,"2021-10-07","c159","h001",NA,NA
"E",8,"2021-10-07","c159","h001",NA,NA
"E",8,"2021-10-07","c297","h001",NA,NA
"E",9,"2021-10-07","c297","h001",NA,NA
"E",10,"2021-10-07","c297","h001",NA,NA
"E",11,"2021-10-07","c297","h001",NA,NA
"E",11,"2021-10-07","c340","h001",NA,NA
"E",12,"2021-10-07","c340","h001",NA,NA
"E",13,"2021-10-07","c340","h001",NA,NA
"E",13,"2021-10-07","c029","h001",NA,NA
"E",14,"2021-10-07","c029","h001",NA,NA
"E",15,"2021-10-07","c029","h001",NA,NA
"E",16,"2021-10-07","c029","h001",NA,NA
"E",16,"2021-10-07","c427","h001",NA,NA
"E",17,"2021-10-07","c427","h001",NA,NA
"E",18,"2021-10-07","c427","h001",NA,NA
"E",19,"2021-10-07","c427","h001",NA,NA
"E",19,"2021-10-07","c045","h001",NA,NA
"E",20,"2021-10-07","c045","h001",NA,NA
"E",21,"2021-10-07","c045","h001",NA,NA
"E",21,"2021-10-07","c316","h001",NA,NA
"E",22,"2021-10-07","c316","h001",NA,NA
"E",23,"2021-10-07","c316","h001",NA,NA
"E",24,"2021-10-07","c316","h001",NA,NA
"E",25,"2021-10-07","c316","h001",NA,NA
"E",26,"2021-10-07","c316","h001",NA,NA
"E",26,"2021-10-07","c130","h001",NA,NA
"E",27,"2021-10-07","c130","h001",NA,NA
"E",28,"2021-10-07","c130","h001",NA,NA
"E",28,"2021-10-07","c467","h001",NA,NA
"E",29,"2021-10-07","c467","h001",NA,NA
"E",30,"2021-10-07","c467","h001",NA,NA
"E",31,"2021-10-07","c467","h001",NA,NA
"E",32,"2021-10-07","c467","h001",NA,NA
"E",32,"2021-10-07","c484","h001",NA,NA
"E",33,"2021-10-07","c484","h001",NA,NA
"E",34,"2021-10-07","c484","h001",NA,NA
"E",35,"2021-10-07","c484","h001",NA,NA
"E",35,"2021-10-07","c343","h001",NA,NA
"E",36,"2021-10-07","c343","h001",NA,NA
"E",37,"2021-10-07","c343","h001",NA,NA
"E",38,"2021-10-07","c343","h001",NA,NA
"E",38,"2021-10-07","c116","h001",NA,NA
"E",39,"2021-10-07","c116","h001",NA,NA
"E",40,"2021-10-07","c116","h001",NA,NA
"E",41,"2021-10-07","c116","h001",NA,NA
"E",42,"2021-10-07","c116","h001",NA,NA
"E",42,"2021-10-07","c248","h001",NA,NA
"E",43,"2021-10-07","c248","h001",NA,NA
"E",44,"2021-10-07","c248","h001",NA,NA
"E",45,"2021-10-07","c248","h001",NA,NA
"E",46,"2021-10-07","c248","h001",NA,NA
"E",0,"2021-10-07","c483","h001",NA,NA
"E",1,"2021-10-07","c483","h001",NA,NA
"E",2,"2021-10-07","c483","h001",NA,NA
"E",3,"2021-10-07","c483","h001",NA,NA
"E",4,"2021-10-07","c483","h001",NA,NA
"E",4,"2021-10-07","c092","h001",NA,NA
"E",5,"2021-10-07","c092","h001",NA,NA
"E",6,"2021-10-07","c092","h001",NA,NA
"E",7,"2021-10-07","c092","h001",NA,NA
"E",7,"2021-10-07","c073","h001",NA,NA
"E",8,"2021-10-07","c073","h001",NA,NA
"E",9,"2021-10-07","c073","h001",NA,NA
"E",10,"2021-10-07","c073","h001",NA,NA
"E",10,"2021-10-07","c258","h001",NA,NA
"E",11,"2021-10-07","c258","h001",NA,NA
"E",12,"2021-10-07","c258","h001",NA,NA
"E",12,"2021-10-07","c046","h001",NA,NA
"E",13,"2021-10-07","c046","h001",NA,NA
"E",14,"2021-10-07","c046","h001",NA,NA
"E",15,"2021-10-07","c046","h001",NA,NA
"E",16,"2021-10-07","c046","h001",NA,NA
"E",17,"2021-10-07","c046","h001",NA,NA
"E",17,"2021-10-07","c258","h001",NA,NA
"E",18,"2021-10-07","c258","h001",NA,NA
"E",19,"2021-10-07","c258","h001",NA,NA
"E",0,"2021-10-08","c481","h001",NA,NA
"E",1,"2021-10-08","c481","h001",NA,NA
"E",2,"2021-10-08","c481","h001",NA,NA
"E",3,"2021-10-08","c481","h001",NA,NA
"E",4,"2021-10-08","c481","h001",NA,NA
"E",4,"2021-10-08","c008","h001",NA,NA
"E",5,"2021-10-08","c008","h001",NA,NA
"E",6,"2021-10-08","c008","h001",NA,NA
"E",7,"2021-10-08","c008","h001",NA,NA
"E",8,"2021-10-08","c008","h001",NA,NA
"E",8,"2021-10-08","c117","h001",NA,NA
"E",9,"2021-10-08","c117","h001",NA,NA
"E",10,"2021-10-08","c117","h001",NA,NA
"E",11,"2021-10-08","c117","h001",NA,NA
"E",12,"2021-10-08","c117","h001",NA,NA
"E",13,"2021-10-08","c117","h001",NA,NA
"E",13,"2021-10-08","c343","h001",NA,NA
"E",14,"2021-10-08","c343","h001",NA,NA
"E",15,"2021-10-08","c343","h001",NA,NA
"E",16,"2021-10-08","c343","h001",NA,NA
"E",17,"2021-10-08","c343","h001",NA,NA
"E",18,"2021-10-08","c343","h001",NA,NA
"E",18,"2021-10-08","c117","h001",NA,NA
"E",19,"2021-10-08","c117","h001",NA,NA
"E",20,"2021-10-08","c117","h001",NA,NA
"E",21,"2021-10-08","c117","h001",NA,NA
"E",22,"2021-10-08","c117","h001",NA,NA
"E",23,"2021-10-08","c117","h001",NA,NA
"E",23,"2021-10-08","c245","h001",NA,NA
"E",24,"2021-10-08","c245","h001",NA,NA
"E",25,"2021-10-08","c245","h001",NA,NA
"E",26,"2021-10-08","c245","h001",NA,NA
"E",26,"2021-10-08","c498","h001",NA,NA
"E",27,"2021-10-08","c498","h001",NA,NA
"E",28,"2021-10-08","c498","h001",NA,NA
"E",29,"2021-10-08","c498","h001",NA,NA
"E",29,"2021-10-08","c310","h001",NA,NA
"E",30,"2021-10-08","c310","h001",NA,NA
"E",31,"2021-10-08","c310","h001",NA,NA
"E",32,"2021-10-08","c310","h001",NA,NA
"E",33,"2021-10-08","c310","h001",NA,NA
"E",34,"2021-10-08","c310","h001",NA,NA
"E",34,"2021-10-08","c328","h001",NA,NA
"E",35,"2021-10-08","c328","h001",NA,NA
"E",36,"2021-10-08","c328","h001",NA,NA
"E",36,"2021-10-08","c420","h001",NA,NA
"E",37,"2021-10-08","c420","h001",NA,NA
"E",38,"2021-10-08","c420","h001",NA,NA
"E",39,"2021-10-08","c420","h001",NA,NA
"E",40,"2021-10-08","c420","h001",NA,NA
"E",41,"2021-10-08","c420","h001",NA,NA
"E",41,"2021-10-08","c470","h001",NA,NA
"E",42,"2021-10-08","c470","h001",NA,NA
"E",43,"2021-10-08","c470","h001",NA,NA
"E",44,"2021-10-08","c470","h001",NA,NA
"E",45,"2021-10-08","c470","h001",NA,NA
"E",45,"2021-10-08","c028","h001",NA,NA
"E",46,"2021-10-08","c028","h001",NA,NA
"E",47,"2021-10-08","c028","h001",NA,NA
"E",0,"2021-10-08","c346","h001",NA,NA
"E",1,"2021-10-08","c346","h001",NA,NA
"E",2,"2021-10-08","c346","h001",NA,NA
"E",2,"2021-10-08","c066","h001",NA,NA
"E",3,"2021-10-08","c066","h001",NA,NA
"E",4,"2021-10-08","c066","h001",NA,NA
"E",5,"2021-10-08","c066","h001",NA,NA
"E",6,"2021-10-08","c066","h001",NA,NA
"E",7,"2021-10-08","c066","h001",NA,NA
"E",7,"2021-10-08","c422","h001",NA,NA
"E",8,"2021-10-08","c422","h001",NA,NA
"E",9,"2021-10-08","c422","h001",NA,NA
"E",10,"2021-10-08","c422","h001",NA,NA
"E",10,"2021-10-08","c347","h001",NA,NA
"E",11,"2021-10-08","c347","h001",NA,NA
"E",12,"2021-10-08","c347","h001",NA,NA
"E",13,"2021-10-08","c347","h001",NA,NA
"E",13,"2021-10-08","c142","h001",NA,NA
"E",14,"2021-10-08","c142","h001",NA,NA
"E",15,"2021-10-08","c142","h001",NA,NA
"E",15,"2021-10-08","c083","h001",NA,NA
"E",16,"2021-10-08","c083","h001",NA,NA
"E",17,"2021-10-08","c083","h001",NA,NA
"E",18,"2021-10-08","c083","h001",NA,NA
"E",19,"2021-10-08","c083","h001",NA,NA
"E",19,"2021-10-08","c354","h001",NA,NA
"E",20,"2021-10-08","c354","h001",NA,NA
"E",21,"2021-10-08","c354","h001",NA,NA
"E",22,"2021-10-08","c354","h001",NA,NA
"E",22,"2021-10-08","c085","h001",NA,NA
"E",23,"2021-10-08","c085","h001",NA,NA
"E",24,"2021-10-08","c085","h001",NA,NA
"E",25,"2021-10-08","c085","h001",NA,NA
"E",26,"2021-10-08","c085","h001",NA,NA
"E",27,"2021-10-08","c085","h001",NA,NA
"E",27,"2021-10-08","c195","h001",NA,NA
"E",28,"2021-10-08","c195","h001",NA,NA
"E",29,"2021-10-08","c195","h001",NA,NA
"E",30,"2021-10-08","c195","h001",NA,NA
"E",31,"2021-10-08","c195","h001",NA,NA
"E",32,"2021-10-08","c195","h001",NA,NA
"E",32,"2021-10-08","c157","h001",NA,NA
"E",33,"2021-10-08","c157","h001",NA,NA
"E",34,"2021-10-08","c157","h001",NA,NA
"E",34,"2021-10-08","c242","h001",NA,NA
"E",35,"2021-10-08","c242","h001",NA,NA
"E",36,"2021-10-08","c242","h001",NA,NA
"E",37,"2021-10-08","c242","h001",NA,NA
"E",38,"2021-10-08","c242","h001",NA,NA
"E",38,"2021-10-08","c008","h001",NA,NA
"E",39,"2021-10-08","c008","h001",NA,NA
"E",40,"2021-10-08","c008","h001",NA,NA
"E",41,"2021-10-08","c008","h001",NA,NA
"E",42,"2021-10-08","c008","h001",NA,NA
"E",43,"2021-10-08","c008","h001",NA,NA
"E",43,"2021-10-08","c350","h001",NA,NA
"E",44,"2021-10-08","c350","h001",NA,NA
"E",45,"2021-10-08","c350","h001",NA,NA
"E",0,"2021-10-08","c426","h001",NA,NA
"E",1,"2021-10-08","c426","h001",NA,NA
"E",2,"2021-10-08","c426","h001",NA,NA
"E",3,"2021-10-08","c426","h001",NA,NA
"E",3,"2021-10-08","c258","h001",NA,NA
"E",4,"2021-10-08","c258","h001",NA,NA
"E",5,"2021-10-08","c258","h001",NA,NA
"E",6,"2021-10-08","c258","h001",NA,NA
"E",6,"2021-10-08","c234","h001",NA,NA
"E",7,"2021-10-08","c234","h001",NA,NA
"E",8,"2021-10-08","c234","h001",NA,NA
"E",9,"2021-10-08","c234","h001",NA,NA
"E",10,"2021-10-08","c234","h001",NA,NA
"E",11,"2021-10-08","c234","h001",NA,NA
"E",11,"2021-10-08","c389","h001",NA,NA
"E",12,"2021-10-08","c389","h001",NA,NA
"E",13,"2021-10-08","c389","h001",NA,NA
"E",13,"2021-10-08","c346","h001",NA,NA
"E",14,"2021-10-08","c346","h001",NA,NA
"E",15,"2021-10-08","c346","h001",NA,NA
"E",16,"2021-10-08","c346","h001",NA,NA
"E",16,"2021-10-08","c271","h001",NA,NA
"E",17,"2021-10-08","c271","h001",NA,NA
"E",18,"2021-10-08","c271","h001",NA,NA
"E",19,"2021-10-08","c271","h001",NA,NA
"E",20,"2021-10-08","c271","h001",NA,NA
"E",21,"2021-10-08","c271","h001",NA,NA
"E",21,"2021-10-08","c437","h001",NA,NA
"E",22,"2021-10-08","c437","h001",NA,NA
"E",23,"2021-10-08","c437","h001",NA,NA
"E",24,"2021-10-08","c437","h001",NA,NA
"E",24,"2021-10-08","c429","h001",NA,NA
"E",25,"2021-10-08","c429","h001",NA,NA
"E",26,"2021-10-08","c429","h001",NA,NA
"E",27,"2021-10-08","c429","h001",NA,NA
"E",28,"2021-10-08","c429","h001",NA,NA
"E",28,"2021-10-08","c372","h001",NA,NA
"E",29,"2021-10-08","c372","h001",NA,NA
"E",30,"2021-10-08","c372","h001",NA,NA
"E",31,"2021-10-08","c372","h001",NA,NA
"E",32,"2021-10-08","c372","h001",NA,NA
"E",32,"2021-10-08","c428","h001",NA,NA
"E",33,"2021-10-08","c428","h001",NA,NA
"E",34,"2021-10-08","c428","h001",NA,NA
"E",35,"2021-10-08","c428","h001",NA,NA
"E",35,"2021-10-08","c213","h001",NA,NA
"E",36,"2021-10-08","c213","h001",NA,NA
"E",37,"2021-10-08","c213","h001",NA,NA
"E",38,"2021-10-08","c213","h001",NA,NA
"E",39,"2021-10-08","c213","h001",NA,NA
"E",40,"2021-10-08","c213","h001",NA,NA
"E",40,"2021-10-08","c059","h001",NA,NA
"E",41,"2021-10-08","c059","h001",NA,NA
"E",42,"2021-10-08","c059","h001",NA,NA
"E",43,"2021-10-08","c059","h001",NA,NA
"E",44,"2021-10-08","c059","h001",NA,NA
"E",0,"2021-10-08","c118","h001",NA,NA
"E",1,"2021-10-08","c118","h001",NA,NA
"E",2,"2021-10-08","c118","h001",NA,NA
"E",3,"2021-10-08","c118","h001",NA,NA
"E",3,"2021-10-08","c144","h001",NA,NA
"E",4,"2021-10-08","c144","h001",NA,NA
"E",5,"2021-10-08","c144","h001",NA,NA
"E",6,"2021-10-08","c144","h001",NA,NA
"E",7,"2021-10-08","c144","h001",NA,NA
"E",7,"2021-10-08","c379","h001",NA,NA
"E",8,"2021-10-08","c379","h001",NA,NA
"E",9,"2021-10-08","c379","h001",NA,NA
"E",9,"2021-10-08","c011","h001",NA,NA
"E",10,"2021-10-08","c011","h001",NA,NA
"E",11,"2021-10-08","c011","h001",NA,NA
"E",11,"2021-10-08","c415","h001",NA,NA
"E",12,"2021-10-08","c415","h001",NA,NA
"E",13,"2021-10-08","c415","h001",NA,NA
"E",14,"2021-10-08","c415","h001",NA,NA
"E",15,"2021-10-08","c415","h001",NA,NA
"E",16,"2021-10-08","c415","h001",NA,NA
"E",16,"2021-10-08","c303","h001",NA,NA
"E",17,"2021-10-08","c303","h001",NA,NA
"E",18,"2021-10-08","c303","h001",NA,NA
"E",19,"2021-10-08","c303","h001",NA,NA
"E",20,"2021-10-08","c303","h001",NA,NA
"E",21,"2021-10-08","c303","h001",NA,NA
"E",21,"2021-10-08","c083","h001",NA,NA
"E",22,"2021-10-08","c083","h001",NA,NA
"E",23,"2021-10-08","c083","h001",NA,NA
"E",24,"2021-10-08","c083","h001",NA,NA
"E",25,"2021-10-08","c083","h001",NA,NA
"E",25,"2021-10-08","c235","h001",NA,NA
"E",26,"2021-10-08","c235","h001",NA,NA
"E",27,"2021-10-08","c235","h001",NA,NA
"E",28,"2021-10-08","c235","h001",NA,NA
"E",29,"2021-10-08","c235","h001",NA,NA
"E",30,"2021-10-08","c235","h001",NA,NA
"E",30,"2021-10-08","c480","h001",NA,NA
"E",31,"2021-10-08","c480","h001",NA,NA
"E",32,"2021-10-08","c480","h001",NA,NA
"E",33,"2021-10-08","c480","h001",NA,NA
"E",34,"2021-10-08","c480","h001",NA,NA
"E",35,"2021-10-08","c480","h001",NA,NA
"E",35,"2021-10-08","c468","h001",NA,NA
"E",36,"2021-10-08","c468","h001",NA,NA
"E",37,"2021-10-08","c468","h001",NA,NA
"E",38,"2021-10-08","c468","h001",NA,NA
"E",39,"2021-10-08","c468","h001",NA,NA
"E",39,"2021-10-08","c411","h001",NA,NA
"E",40,"2021-10-08","c411","h001",NA,NA
"E",41,"2021-10-08","c411","h001",NA,NA
"E",42,"2021-10-08","c411","h001",NA,NA
"E",42,"2021-10-08","c185","h001",NA,NA
"E",43,"2021-10-08","c185","h001",NA,NA
"E",44,"2021-10-08","c185","h001",NA,NA
"E",44,"2021-10-08","c102","h001",NA,NA
"E",45,"2021-10-08","c102","h001",NA,NA
"E",46,"2021-10-08","c102","h001",NA,NA
"E",0,"2021-10-08","c444","h001",NA,NA
"E",1,"2021-10-08","c444","h001",NA,NA
"E",2,"2021-10-08","c444","h001",NA,NA
"E",3,"2021-10-08","c444","h001",NA,NA
"E",4,"2021-10-08","c444","h001",NA,NA
"E",4,"2021-10-08","c085","h001",NA,NA
"E",5,"2021-10-08","c085","h001",NA,NA
"E",6,"2021-10-08","c085","h001",NA,NA
"E",7,"2021-10-08","c085","h001",NA,NA
"E",7,"2021-10-08","c109","h001",NA,NA
"E",8,"2021-10-08","c109","h001",NA,NA
"E",9,"2021-10-08","c109","h001",NA,NA
"E",10,"2021-10-08","c109","h001",NA,NA
"E",11,"2021-10-08","c109","h001",NA,NA
"E",12,"2021-10-08","c109","h001",NA,NA
"E",12,"2021-10-08","c016","h001",NA,NA
"E",13,"2021-10-08","c016","h001",NA,NA
"E",14,"2021-10-08","c016","h001",NA,NA
"E",15,"2021-10-08","c016","h001",NA,NA
"E",16,"2021-10-08","c016","h001",NA,NA
"E",16,"2021-10-08","c282","h001",NA,NA
"E",17,"2021-10-08","c282","h001",NA,NA
"E",18,"2021-10-08","c282","h001",NA,NA
"E",19,"2021-10-08","c282","h001",NA,NA
"E",19,"2021-10-08","c380","h001",NA,NA
"E",20,"2021-10-08","c380","h001",NA,NA
"E",21,"2021-10-08","c380","h001",NA,NA
"E",22,"2021-10-08","c380","h001",NA,NA
"E",23,"2021-10-08","c380","h001",NA,NA
"E",24,"2021-10-08","c380","h001",NA,NA
"E",24,"2021-10-08","c002","h001",NA,NA
"E",25,"2021-10-08","c002","h001",NA,NA
"E",26,"2021-10-08","c002","h001",NA,NA
"E",27,"2021-10-08","c002","h001",NA,NA
"E",28,"2021-10-08","c002","h001",NA,NA
"E",28,"2021-10-08","c113","h001",NA,NA
"E",29,"2021-10-08","c113","h001",NA,NA
"E",30,"2021-10-08","c113","h001",NA,NA
"E",31,"2021-10-08","c113","h001",NA,NA
"E",31,"2021-10-08","c400","h001",NA,NA
"E",32,"2021-10-08","c400","h001",NA,NA
"E",33,"2021-10-08","c400","h001",NA,NA
"E",34,"2021-10-08","c400","h001",NA,NA
"E",35,"2021-10-08","c400","h001",NA,NA
"E",36,"2021-10-08","c400","h001",NA,NA
"E",36,"2021-10-08","c024","h001",NA,NA
"E",37,"2021-10-08","c024","h001",NA,NA
"E",38,"2021-10-08","c024","h001",NA,NA
"E",39,"2021-10-08","c024","h001",NA,NA
"E",40,"2021-10-08","c024","h001",NA,NA
"E",41,"2021-10-08","c024","h001",NA,NA
"E",41,"2021-10-08","c355","h001",NA,NA
"E",42,"2021-10-08","c355","h001",NA,NA
"E",43,"2021-10-08","c355","h001",NA,NA
"E",44,"2021-10-08","c355","h001",NA,NA
"E",45,"2021-10-08","c355","h001",NA,NA
"E",46,"2021-10-08","c355","h001",NA,NA
"E",0,"2021-10-08","c489","h001",NA,NA
"E",1,"2021-10-08","c489","h001",NA,NA
"E",2,"2021-10-08","c489","h001",NA,NA
"E",3,"2021-10-08","c489","h001",NA,NA
"E",4,"2021-10-08","c489","h001",NA,NA
"E",5,"2021-10-08","c489","h001",NA,NA
"E",5,"2021-10-08","c282","h001",NA,NA
"E",6,"2021-10-08","c282","h001",NA,NA
"E",7,"2021-10-08","c282","h001",NA,NA
"E",7,"2021-10-08","c461","h001",NA,NA
"E",8,"2021-10-08","c461","h001",NA,NA
"E",9,"2021-10-08","c461","h001",NA,NA
"E",10,"2021-10-08","c461","h001",NA,NA
"E",11,"2021-10-08","c461","h001",NA,NA
"E",12,"2021-10-08","c461","h001",NA,NA
"E",0,"2021-10-09","c117","h001",NA,NA
"E",1,"2021-10-09","c117","h001",NA,NA
"E",2,"2021-10-09","c117","h001",NA,NA
"E",3,"2021-10-09","c117","h001",NA,NA
"E",4,"2021-10-09","c117","h001",NA,NA
"E",4,"2021-10-09","c163","h001",NA,NA
"E",5,"2021-10-09","c163","h001",NA,NA
"E",6,"2021-10-09","c163","h001",NA,NA
"E",7,"2021-10-09","c163","h001",NA,NA
"E",7,"2021-10-09","c100","h001",NA,NA
"E",8,"2021-10-09","c100","h001",NA,NA
"E",9,"2021-10-09","c100","h001",NA,NA
"E",10,"2021-10-09","c100","h001",NA,NA
"E",10,"2021-10-09","c402","h001",NA,NA
"E",11,"2021-10-09","c402","h001",NA,NA
"E",12,"2021-10-09","c402","h001",NA,NA
"E",13,"2021-10-09","c402","h001",NA,NA
"E",14,"2021-10-09","c402","h001",NA,NA
"E",15,"2021-10-09","c402","h001",NA,NA
"E",15,"2021-10-09","c385","h001",NA,NA
"E",16,"2021-10-09","c385","h001",NA,NA
"E",17,"2021-10-09","c385","h001",NA,NA
"E",17,"2021-10-09","c397","h001",NA,NA
"E",18,"2021-10-09","c397","h001",NA,NA
"E",19,"2021-10-09","c397","h001",NA,NA
"E",20,"2021-10-09","c397","h001",NA,NA
"E",20,"2021-10-09","c499","h001",NA,NA
"E",21,"2021-10-09","c499","h001",NA,NA
"E",22,"2021-10-09","c499","h001",NA,NA
"E",23,"2021-10-09","c499","h001",NA,NA
"E",24,"2021-10-09","c499","h001",NA,NA
"E",25,"2021-10-09","c499","h001",NA,NA
"E",25,"2021-10-09","c186","h001",NA,NA
"E",26,"2021-10-09","c186","h001",NA,NA
"E",27,"2021-10-09","c186","h001",NA,NA
"E",28,"2021-10-09","c186","h001",NA,NA
"E",28,"2021-10-09","c113","h001",NA,NA
"E",29,"2021-10-09","c113","h001",NA,NA
"E",30,"2021-10-09","c113","h001",NA,NA
"E",31,"2021-10-09","c113","h001",NA,NA
"E",31,"2021-10-09","c446","h001",NA,NA
"E",32,"2021-10-09","c446","h001",NA,NA
"E",33,"2021-10-09","c446","h001",NA,NA
"E",33,"2021-10-09","c038","h001",NA,NA
"E",34,"2021-10-09","c038","h001",NA,NA
"E",35,"2021-10-09","c038","h001",NA,NA
"E",36,"2021-10-09","c038","h001",NA,NA
"E",37,"2021-10-09","c038","h001",NA,NA
"E",38,"2021-10-09","c038","h001",NA,NA
"E",38,"2021-10-09","c345","h001",NA,NA
"E",39,"2021-10-09","c345","h001",NA,NA
"E",40,"2021-10-09","c345","h001",NA,NA
"E",41,"2021-10-09","c345","h001",NA,NA
"E",42,"2021-10-09","c345","h001",NA,NA
"E",43,"2021-10-09","c345","h001",NA,NA
"E",0,"2021-10-09","c349","h001",NA,NA
"E",1,"2021-10-09","c349","h001",NA,NA
"E",2,"2021-10-09","c349","h001",NA,NA
"E",3,"2021-10-09","c349","h001",NA,NA
"E",4,"2021-10-09","c349","h001",NA,NA
"E",4,"2021-10-09","c395","h001",NA,NA
"E",5,"2021-10-09","c395","h001",NA,NA
"E",6,"2021-10-09","c395","h001",NA,NA
"E",7,"2021-10-09","c395","h001",NA,NA
"E",7,"2021-10-09","c107","h001",NA,NA
"E",8,"2021-10-09","c107","h001",NA,NA
"E",9,"2021-10-09","c107","h001",NA,NA
"E",10,"2021-10-09","c107","h001",NA,NA
"E",10,"2021-10-09","c432","h001",NA,NA
"E",11,"2021-10-09","c432","h001",NA,NA
"E",12,"2021-10-09","c432","h001",NA,NA
"E",13,"2021-10-09","c432","h001",NA,NA
"E",13,"2021-10-09","c222","h001",NA,NA
"E",14,"2021-10-09","c222","h001",NA,NA
"E",15,"2021-10-09","c222","h001",NA,NA
"E",16,"2021-10-09","c222","h001",NA,NA
"E",16,"2021-10-09","c003","h001",NA,NA
"E",17,"2021-10-09","c003","h001",NA,NA
"E",18,"2021-10-09","c003","h001",NA,NA
"E",19,"2021-10-09","c003","h001",NA,NA
"E",20,"2021-10-09","c003","h001",NA,NA
"E",20,"2021-10-09","c332","h001",NA,NA
"E",21,"2021-10-09","c332","h001",NA,NA
"E",22,"2021-10-09","c332","h001",NA,NA
"E",22,"2021-10-09","c390","h001",NA,NA
"E",23,"2021-10-09","c390","h001",NA,NA
"E",24,"2021-10-09","c390","h001",NA,NA
"E",25,"2021-10-09","c390","h001",NA,NA
"E",25,"2021-10-09","c074","h001",NA,NA
"E",26,"2021-10-09","c074","h001",NA,NA
"E",27,"2021-10-09","c074","h001",NA,NA
"E",28,"2021-10-09","c074","h001",NA,NA
"E",28,"2021-10-09","c451","h001",NA,NA
"E",29,"2021-10-09","c451","h001",NA,NA
"E",30,"2021-10-09","c451","h001",NA,NA
"E",31,"2021-10-09","c451","h001",NA,NA
"E",32,"2021-10-09","c451","h001",NA,NA
"E",33,"2021-10-09","c451","h001",NA,NA
"E",33,"2021-10-09","c266","h001",NA,NA
"E",34,"2021-10-09","c266","h001",NA,NA
"E",35,"2021-10-09","c266","h001",NA,NA
"E",36,"2021-10-09","c266","h001",NA,NA
"E",37,"2021-10-09","c266","h001",NA,NA
"E",37,"2021-10-09","c365","h001",NA,NA
"E",38,"2021-10-09","c365","h001",NA,NA
"E",39,"2021-10-09","c365","h001",NA,NA
"E",40,"2021-10-09","c365","h001",NA,NA
"E",41,"2021-10-09","c365","h001",NA,NA
"E",42,"2021-10-09","c365","h001",NA,NA
"E",42,"2021-10-09","c079","h001",NA,NA
"E",43,"2021-10-09","c079","h001",NA,NA
"E",44,"2021-10-09","c079","h001",NA,NA
"E",45,"2021-10-09","c079","h001",NA,NA
"E",0,"2021-10-09","c019","h001",NA,NA
"E",1,"2021-10-09","c019","h001",NA,NA
"E",2,"2021-10-09","c019","h001",NA,NA
"E",3,"2021-10-09","c019","h001",NA,NA
"E",4,"2021-10-09","c019","h001",NA,NA
"E",5,"2021-10-09","c019","h001",NA,NA
"E",5,"2021-10-09","c143","h001",NA,NA
"E",6,"2021-10-09","c143","h001",NA,NA
"E",7,"2021-10-09","c143","h001",NA,NA
"E",8,"2021-10-09","c143","h001",NA,NA
"E",9,"2021-10-09","c143","h001",NA,NA
"E",10,"2021-10-09","c143","h001",NA,NA
"E",10,"2021-10-09","c261","h001",NA,NA
"E",11,"2021-10-09","c261","h001",NA,NA
"E",12,"2021-10-09","c261","h001",NA,NA
"E",13,"2021-10-09","c261","h001",NA,NA
"E",14,"2021-10-09","c261","h001",NA,NA
"E",15,"2021-10-09","c261","h001",NA,NA
"E",15,"2021-10-09","c086","h001",NA,NA
"E",16,"2021-10-09","c086","h001",NA,NA
"E",17,"2021-10-09","c086","h001",NA,NA
"E",18,"2021-10-09","c086","h001",NA,NA
"E",18,"2021-10-09","c277","h001",NA,NA
"E",19,"2021-10-09","c277","h001",NA,NA
"E",20,"2021-10-09","c277","h001",NA,NA
"E",20,"2021-10-09","c309","h001",NA,NA
"E",21,"2021-10-09","c309","h001",NA,NA
"E",22,"2021-10-09","c309","h001",NA,NA
"E",23,"2021-10-09","c309","h001",NA,NA
"E",24,"2021-10-09","c309","h001",NA,NA
"E",25,"2021-10-09","c309","h001",NA,NA
"E",25,"2021-10-09","c162","h001",NA,NA
"E",26,"2021-10-09","c162","h001",NA,NA
"E",27,"2021-10-09","c162","h001",NA,NA
"E",27,"2021-10-09","c103","h001",NA,NA
"E",28,"2021-10-09","c103","h001",NA,NA
"E",29,"2021-10-09","c103","h001",NA,NA
"E",29,"2021-10-09","c192","h001",NA,NA
"E",30,"2021-10-09","c192","h001",NA,NA
"E",31,"2021-10-09","c192","h001",NA,NA
"E",32,"2021-10-09","c192","h001",NA,NA
"E",33,"2021-10-09","c192","h001",NA,NA
"E",33,"2021-10-09","c273","h001",NA,NA
"E",34,"2021-10-09","c273","h001",NA,NA
"E",35,"2021-10-09","c273","h001",NA,NA
"E",36,"2021-10-09","c273","h001",NA,NA
"E",37,"2021-10-09","c273","h001",NA,NA
"E",38,"2021-10-09","c273","h001",NA,NA
"E",38,"2021-10-09","c430","h001",NA,NA
"E",39,"2021-10-09","c430","h001",NA,NA
"E",40,"2021-10-09","c430","h001",NA,NA
"E",41,"2021-10-09","c430","h001",NA,NA
"E",42,"2021-10-09","c430","h001",NA,NA
"E",42,"2021-10-09","c231","h001",NA,NA
"E",43,"2021-10-09","c231","h001",NA,NA
"E",44,"2021-10-09","c231","h001",NA,NA
"E",44,"2021-10-09","c492","h001",NA,NA
"E",45,"2021-10-09","c492","h001",NA,NA
"E",46,"2021-10-09","c492","h001",NA,NA
"E",47,"2021-10-09","c492","h001",NA,NA
"E",0,"2021-10-09","c260","h001",NA,NA
"E",1,"2021-10-09","c260","h001",NA,NA
"E",2,"2021-10-09","c260","h001",NA,NA
"E",2,"2021-10-09","c449","h001",NA,NA
"E",3,"2021-10-09","c449","h001",NA,NA
"E",4,"2021-10-09","c449","h001",NA,NA
"E",4,"2021-10-09","c018","h001",NA,NA
"E",5,"2021-10-09","c018","h001",NA,NA
"E",6,"2021-10-09","c018","h001",NA,NA
"E",6,"2021-10-09","c251","h001",NA,NA
"E",7,"2021-10-09","c251","h001",NA,NA
"E",8,"2021-10-09","c251","h001",NA,NA
"E",9,"2021-10-09","c251","h001",NA,NA
"E",9,"2021-10-09","c117","h001",NA,NA
"E",10,"2021-10-09","c117","h001",NA,NA
"E",11,"2021-10-09","c117","h001",NA,NA
"E",12,"2021-10-09","c117","h001",NA,NA
"E",13,"2021-10-09","c117","h001",NA,NA
"E",14,"2021-10-09","c117","h001",NA,NA
"E",14,"2021-10-09","c037","h001",NA,NA
"E",15,"2021-10-09","c037","h001",NA,NA
"E",16,"2021-10-09","c037","h001",NA,NA
"E",17,"2021-10-09","c037","h001",NA,NA
"E",17,"2021-10-09","c230","h001",NA,NA
"E",18,"2021-10-09","c230","h001",NA,NA
"E",19,"2021-10-09","c230","h001",NA,NA
"E",19,"2021-10-09","c149","h001",NA,NA
"E",20,"2021-10-09","c149","h001",NA,NA
"E",21,"2021-10-09","c149","h001",NA,NA
"E",22,"2021-10-09","c149","h001",NA,NA
"E",22,"2021-10-09","c005","h001",NA,NA
"E",23,"2021-10-09","c005","h001",NA,NA
"E",24,"2021-10-09","c005","h001",NA,NA
"E",25,"2021-10-09","c005","h001",NA,NA
"E",25,"2021-10-09","c427","h001",NA,NA
"E",26,"2021-10-09","c427","h001",NA,NA
"E",27,"2021-10-09","c427","h001",NA,NA
"E",28,"2021-10-09","c427","h001",NA,NA
"E",28,"2021-10-09","c009","h001",NA,NA
"E",29,"2021-10-09","c009","h001",NA,NA
"E",30,"2021-10-09","c009","h001",NA,NA
"E",31,"2021-10-09","c009","h001",NA,NA
"E",31,"2021-10-09","c262","h001",NA,NA
"E",32,"2021-10-09","c262","h001",NA,NA
"E",33,"2021-10-09","c262","h001",NA,NA
"E",33,"2021-10-09","c239","h001",NA,NA
"E",34,"2021-10-09","c239","h001",NA,NA
"E",35,"2021-10-09","c239","h001",NA,NA
"E",36,"2021-10-09","c239","h001",NA,NA
"E",37,"2021-10-09","c239","h001",NA,NA
"E",38,"2021-10-09","c239","h001",NA,NA
"E",38,"2021-10-09","c057","h001",NA,NA
"E",39,"2021-10-09","c057","h001",NA,NA
"E",40,"2021-10-09","c057","h001",NA,NA
"E",41,"2021-10-09","c057","h001",NA,NA
"E",41,"2021-10-09","c308","h001",NA,NA
"E",42,"2021-10-09","c308","h001",NA,NA
"E",43,"2021-10-09","c308","h001",NA,NA
"E",44,"2021-10-09","c308","h001",NA,NA
"E",45,"2021-10-09","c308","h001",NA,NA
"E",46,"2021-10-09","c308","h001",NA,NA
"E",0,"2021-10-09","c285","h001",NA,NA
"E",1,"2021-10-09","c285","h001",NA,NA
"E",2,"2021-10-09","c285","h001",NA,NA
"E",2,"2021-10-09","c462","h001",NA,NA
"E",3,"2021-10-09","c462","h001",NA,NA
"E",4,"2021-10-09","c462","h001",NA,NA
"E",5,"2021-10-09","c462","h001",NA,NA
"E",5,"2021-10-09","c379","h001",NA,NA
"E",6,"2021-10-09","c379","h001",NA,NA
"E",7,"2021-10-09","c379","h001",NA,NA
"E",7,"2021-10-09","c232","h001",NA,NA
"E",8,"2021-10-09","c232","h001",NA,NA
"E",9,"2021-10-09","c232","h001",NA,NA
"E",9,"2021-10-09","c128","h001",NA,NA
"E",10,"2021-10-09","c128","h001",NA,NA
"E",11,"2021-10-09","c128","h001",NA,NA
"E",12,"2021-10-09","c128","h001",NA,NA
"E",13,"2021-10-09","c128","h001",NA,NA
"E",14,"2021-10-09","c128","h001",NA,NA
"E",14,"2021-10-09","c174","h001",NA,NA
"E",15,"2021-10-09","c174","h001",NA,NA
"E",16,"2021-10-09","c174","h001",NA,NA
"E",16,"2021-10-09","c446","h001",NA,NA
"E",17,"2021-10-09","c446","h001",NA,NA
"E",18,"2021-10-09","c446","h001",NA,NA
"E",19,"2021-10-09","c446","h001",NA,NA
"E",19,"2021-10-09","c037","h001",NA,NA
"E",20,"2021-10-09","c037","h001",NA,NA
"E",21,"2021-10-09","c037","h001",NA,NA
"E",22,"2021-10-09","c037","h001",NA,NA
"E",23,"2021-10-09","c037","h001",NA,NA
"E",23,"2021-10-09","c217","h001",NA,NA
"E",24,"2021-10-09","c217","h001",NA,NA
"E",25,"2021-10-09","c217","h001",NA,NA
"E",26,"2021-10-09","c217","h001",NA,NA
"E",26,"2021-10-09","c478","h001",NA,NA
"E",27,"2021-10-09","c478","h001",NA,NA
"E",28,"2021-10-09","c478","h001",NA,NA
"E",28,"2021-10-09","c236","h001",NA,NA
"E",29,"2021-10-09","c236","h001",NA,NA
"E",30,"2021-10-09","c236","h001",NA,NA
"E",30,"2021-10-09","c131","h001",NA,NA
"E",31,"2021-10-09","c131","h001",NA,NA
"E",32,"2021-10-09","c131","h001",NA,NA
"E",33,"2021-10-09","c131","h001",NA,NA
"E",33,"2021-10-09","c052","h001",NA,NA
"E",34,"2021-10-09","c052","h001",NA,NA
"E",35,"2021-10-09","c052","h001",NA,NA
"E",36,"2021-10-09","c052","h001",NA,NA
"E",37,"2021-10-09","c052","h001",NA,NA
"E",37,"2021-10-09","c343","h001",NA,NA
"E",38,"2021-10-09","c343","h001",NA,NA
"E",39,"2021-10-09","c343","h001",NA,NA
"E",40,"2021-10-09","c343","h001",NA,NA
"E",41,"2021-10-09","c343","h001",NA,NA
"E",41,"2021-10-09","c373","h001",NA,NA
"E",42,"2021-10-09","c373","h001",NA,NA
"E",43,"2021-10-09","c373","h001",NA,NA
"E",43,"2021-10-09","c166","h001",NA,NA
"E",44,"2021-10-09","c166","h001",NA,NA
"E",45,"2021-10-09","c166","h001",NA,NA
"E",46,"2021-10-09","c166","h001",NA,NA
"E",47,"2021-10-09","c166","h001",NA,NA
"E",0,"2021-10-09","c285","h001",NA,NA
"E",1,"2021-10-09","c285","h001",NA,NA
"E",2,"2021-10-09","c285","h001",NA,NA
"E",3,"2021-10-09","c285","h001",NA,NA
"E",4,"2021-10-09","c285","h001",NA,NA
"E",5,"2021-10-09","c285","h001",NA,NA
"E",5,"2021-10-09","c197","h001",NA,NA
"E",6,"2021-10-09","c197","h001",NA,NA
"E",7,"2021-10-09","c197","h001",NA,NA
"E",7,"2021-10-09","c486","h001",NA,NA
"E",8,"2021-10-09","c486","h001",NA,NA
"E",9,"2021-10-09","c486","h001",NA,NA
"E",0,"2021-10-10","c080","h001",NA,NA
"E",1,"2021-10-10","c080","h001",NA,NA
"E",2,"2021-10-10","c080","h001",NA,NA
"E",2,"2021-10-10","c366","h001",NA,NA
"E",3,"2021-10-10","c366","h001",NA,NA
"E",4,"2021-10-10","c366","h001",NA,NA
"E",5,"2021-10-10","c366","h001",NA,NA
"E",5,"2021-10-10","c027","h001",NA,NA
"E",6,"2021-10-10","c027","h001",NA,NA
"E",7,"2021-10-10","c027","h001",NA,NA
"E",8,"2021-10-10","c027","h001",NA,NA
"E",8,"2021-10-10","c405","h001",NA,NA
"E",9,"2021-10-10","c405","h001",NA,NA
"E",10,"2021-10-10","c405","h001",NA,NA
"E",10,"2021-10-10","c467","h001",NA,NA
"E",11,"2021-10-10","c467","h001",NA,NA
"E",12,"2021-10-10","c467","h001",NA,NA
"E",13,"2021-10-10","c467","h001",NA,NA
"E",14,"2021-10-10","c467","h001",NA,NA
"E",15,"2021-10-10","c467","h001",NA,NA
"E",15,"2021-10-10","c115","h001",NA,NA
"E",16,"2021-10-10","c115","h001",NA,NA
"E",17,"2021-10-10","c115","h001",NA,NA
"E",17,"2021-10-10","c476","h001",NA,NA
"E",18,"2021-10-10","c476","h001",NA,NA
"E",19,"2021-10-10","c476","h001",NA,NA
"E",19,"2021-10-10","c384","h001",NA,NA
"E",20,"2021-10-10","c384","h001",NA,NA
"E",21,"2021-10-10","c384","h001",NA,NA
"E",22,"2021-10-10","c384","h001",NA,NA
"E",22,"2021-10-10","c103","h001",NA,NA
"E",23,"2021-10-10","c103","h001",NA,NA
"E",24,"2021-10-10","c103","h001",NA,NA
"E",25,"2021-10-10","c103","h001",NA,NA
"E",25,"2021-10-10","c148","h001",NA,NA
"E",26,"2021-10-10","c148","h001",NA,NA
"E",27,"2021-10-10","c148","h001",NA,NA
"E",28,"2021-10-10","c148","h001",NA,NA
"E",29,"2021-10-10","c148","h001",NA,NA
"E",29,"2021-10-10","c003","h001",NA,NA
"E",30,"2021-10-10","c003","h001",NA,NA
"E",31,"2021-10-10","c003","h001",NA,NA
"E",32,"2021-10-10","c003","h001",NA,NA
"E",33,"2021-10-10","c003","h001",NA,NA
"E",34,"2021-10-10","c003","h001",NA,NA
"E",34,"2021-10-10","c116","h001",NA,NA
"E",35,"2021-10-10","c116","h001",NA,NA
"E",36,"2021-10-10","c116","h001",NA,NA
"E",37,"2021-10-10","c116","h001",NA,NA
"E",38,"2021-10-10","c116","h001",NA,NA
"E",38,"2021-10-10","c191","h001",NA,NA
"E",39,"2021-10-10","c191","h001",NA,NA
"E",40,"2021-10-10","c191","h001",NA,NA
"E",41,"2021-10-10","c191","h001",NA,NA
"E",42,"2021-10-10","c191","h001",NA,NA
"E",42,"2021-10-10","c074","h001",NA,NA
"E",43,"2021-10-10","c074","h001",NA,NA
"E",44,"2021-10-10","c074","h001",NA,NA
"E",45,"2021-10-10","c074","h001",NA,NA
"E",46,"2021-10-10","c074","h001",NA,NA
"E",47,"2021-10-10","c074","h001",NA,NA
"E",0,"2021-10-10","c170","h001",NA,NA
"E",1,"2021-10-10","c170","h001",NA,NA
"E",2,"2021-10-10","c170","h001",NA,NA
"E",3,"2021-10-10","c170","h001",NA,NA
"E",4,"2021-10-10","c170","h001",NA,NA
"E",4,"2021-10-10","c452","h001",NA,NA
"E",5,"2021-10-10","c452","h001",NA,NA
"E",6,"2021-10-10","c452","h001",NA,NA
"E",7,"2021-10-10","c452","h001",NA,NA
"E",8,"2021-10-10","c452","h001",NA,NA
"E",9,"2021-10-10","c452","h001",NA,NA
"E",9,"2021-10-10","c024","h001",NA,NA
"E",10,"2021-10-10","c024","h001",NA,NA
"E",11,"2021-10-10","c024","h001",NA,NA
"E",12,"2021-10-10","c024","h001",NA,NA
"E",12,"2021-10-10","c124","h001",NA,NA
"E",13,"2021-10-10","c124","h001",NA,NA
"E",14,"2021-10-10","c124","h001",NA,NA
"E",14,"2021-10-10","c211","h001",NA,NA
"E",15,"2021-10-10","c211","h001",NA,NA
"E",16,"2021-10-10","c211","h001",NA,NA
"E",16,"2021-10-10","c454","h001",NA,NA
"E",17,"2021-10-10","c454","h001",NA,NA
"E",18,"2021-10-10","c454","h001",NA,NA
"E",19,"2021-10-10","c454","h001",NA,NA
"E",19,"2021-10-10","c128","h001",NA,NA
"E",20,"2021-10-10","c128","h001",NA,NA
"E",21,"2021-10-10","c128","h001",NA,NA
"E",21,"2021-10-10","c377","h001",NA,NA
"E",22,"2021-10-10","c377","h001",NA,NA
"E",23,"2021-10-10","c377","h001",NA,NA
"E",24,"2021-10-10","c377","h001",NA,NA
"E",25,"2021-10-10","c377","h001",NA,NA
"E",26,"2021-10-10","c377","h001",NA,NA
"E",26,"2021-10-10","c417","h001",NA,NA
"E",27,"2021-10-10","c417","h001",NA,NA
"E",28,"2021-10-10","c417","h001",NA,NA
"E",28,"2021-10-10","c269","h001",NA,NA
"E",29,"2021-10-10","c269","h001",NA,NA
"E",30,"2021-10-10","c269","h001",NA,NA
"E",31,"2021-10-10","c269","h001",NA,NA
"E",31,"2021-10-10","c093","h001",NA,NA
"E",32,"2021-10-10","c093","h001",NA,NA
"E",33,"2021-10-10","c093","h001",NA,NA
"E",34,"2021-10-10","c093","h001",NA,NA
"E",34,"2021-10-10","c136","h001",NA,NA
"E",35,"2021-10-10","c136","h001",NA,NA
"E",36,"2021-10-10","c136","h001",NA,NA
"E",37,"2021-10-10","c136","h001",NA,NA
"E",37,"2021-10-10","c128","h001",NA,NA
"E",38,"2021-10-10","c128","h001",NA,NA
"E",39,"2021-10-10","c128","h001",NA,NA
"E",40,"2021-10-10","c128","h001",NA,NA
"E",40,"2021-10-10","c274","h001",NA,NA
"E",41,"2021-10-10","c274","h001",NA,NA
"E",42,"2021-10-10","c274","h001",NA,NA
"E",43,"2021-10-10","c274","h001",NA,NA
"E",44,"2021-10-10","c274","h001",NA,NA
"E",45,"2021-10-10","c274","h001",NA,NA
"E",45,"2021-10-10","c191","h001",NA,NA
"E",46,"2021-10-10","c191","h001",NA,NA
"E",47,"2021-10-10","c191","h001",NA,NA
"E",0,"2021-10-10","c069","h001",NA,NA
"E",1,"2021-10-10","c069","h001",NA,NA
"E",2,"2021-10-10","c069","h001",NA,NA
"E",3,"2021-10-10","c069","h001",NA,NA
"E",4,"2021-10-10","c069","h001",NA,NA
"E",5,"2021-10-10","c069","h001",NA,NA
"E",5,"2021-10-10","c138","h001",NA,NA
"E",6,"2021-10-10","c138","h001",NA,NA
"E",7,"2021-10-10","c138","h001",NA,NA
"E",8,"2021-10-10","c138","h001",NA,NA
"E",9,"2021-10-10","c138","h001",NA,NA
"E",10,"2021-10-10","c138","h001",NA,NA
"E",10,"2021-10-10","c033","h001",NA,NA
"E",11,"2021-10-10","c033","h001",NA,NA
"E",12,"2021-10-10","c033","h001",NA,NA
"E",13,"2021-10-10","c033","h001",NA,NA
"E",14,"2021-10-10","c033","h001",NA,NA
"E",14,"2021-10-10","c428","h001",NA,NA
"E",15,"2021-10-10","c428","h001",NA,NA
"E",16,"2021-10-10","c428","h001",NA,NA
"E",16,"2021-10-10","c198","h001",NA,NA
"E",17,"2021-10-10","c198","h001",NA,NA
"E",18,"2021-10-10","c198","h001",NA,NA
"E",18,"2021-10-10","c271","h001",NA,NA
"E",19,"2021-10-10","c271","h001",NA,NA
"E",20,"2021-10-10","c271","h001",NA,NA
"E",21,"2021-10-10","c271","h001",NA,NA
"E",22,"2021-10-10","c271","h001",NA,NA
"E",23,"2021-10-10","c271","h001",NA,NA
"E",23,"2021-10-10","c417","h001",NA,NA
"E",24,"2021-10-10","c417","h001",NA,NA
"E",25,"2021-10-10","c417","h001",NA,NA
"E",26,"2021-10-10","c417","h001",NA,NA
"E",27,"2021-10-10","c417","h001",NA,NA
"E",27,"2021-10-10","c381","h001",NA,NA
"E",28,"2021-10-10","c381","h001",NA,NA
"E",29,"2021-10-10","c381","h001",NA,NA
"E",30,"2021-10-10","c381","h001",NA,NA
"E",31,"2021-10-10","c381","h001",NA,NA
"E",32,"2021-10-10","c381","h001",NA,NA
"E",32,"2021-10-10","c031","h001",NA,NA
"E",33,"2021-10-10","c031","h001",NA,NA
"E",34,"2021-10-10","c031","h001",NA,NA
"E",35,"2021-10-10","c031","h001",NA,NA
"E",35,"2021-10-10","c487","h001",NA,NA
"E",36,"2021-10-10","c487","h001",NA,NA
"E",37,"2021-10-10","c487","h001",NA,NA
"E",38,"2021-10-10","c487","h001",NA,NA
"E",39,"2021-10-10","c487","h001",NA,NA
"E",39,"2021-10-10","c248","h001",NA,NA
"E",40,"2021-10-10","c248","h001",NA,NA
"E",41,"2021-10-10","c248","h001",NA,NA
"E",41,"2021-10-10","c141","h001",NA,NA
"E",42,"2021-10-10","c141","h001",NA,NA
"E",43,"2021-10-10","c141","h001",NA,NA
"E",44,"2021-10-10","c141","h001",NA,NA
"E",45,"2021-10-10","c141","h001",NA,NA
"E",46,"2021-10-10","c141","h001",NA,NA
"E",0,"2021-10-10","c077","h001",NA,NA
"E",1,"2021-10-10","c077","h001",NA,NA
"E",2,"2021-10-10","c077","h001",NA,NA
"E",2,"2021-10-10","c343","h001",NA,NA
"E",3,"2021-10-10","c343","h001",NA,NA
"E",4,"2021-10-10","c343","h001",NA,NA
"E",4,"2021-10-10","c388","h001",NA,NA
"E",5,"2021-10-10","c388","h001",NA,NA
"E",6,"2021-10-10","c388","h001",NA,NA
"E",6,"2021-10-10","c104","h001",NA,NA
"E",7,"2021-10-10","c104","h001",NA,NA
"E",8,"2021-10-10","c104","h001",NA,NA
"E",9,"2021-10-10","c104","h001",NA,NA
"E",10,"2021-10-10","c104","h001",NA,NA
"E",11,"2021-10-10","c104","h001",NA,NA
"E",11,"2021-10-10","c239","h001",NA,NA
"E",12,"2021-10-10","c239","h001",NA,NA
"E",13,"2021-10-10","c239","h001",NA,NA
"E",14,"2021-10-10","c239","h001",NA,NA
"E",15,"2021-10-10","c239","h001",NA,NA
"E",16,"2021-10-10","c239","h001",NA,NA
"E",16,"2021-10-10","c280","h001",NA,NA
"E",17,"2021-10-10","c280","h001",NA,NA
"E",18,"2021-10-10","c280","h001",NA,NA
"E",19,"2021-10-10","c280","h001",NA,NA
"E",20,"2021-10-10","c280","h001",NA,NA
"E",21,"2021-10-10","c280","h001",NA,NA
"E",21,"2021-10-10","c179","h001",NA,NA
"E",22,"2021-10-10","c179","h001",NA,NA
"E",23,"2021-10-10","c179","h001",NA,NA
"E",23,"2021-10-10","c267","h001",NA,NA
"E",24,"2021-10-10","c267","h001",NA,NA
"E",25,"2021-10-10","c267","h001",NA,NA
"E",26,"2021-10-10","c267","h001",NA,NA
"E",27,"2021-10-10","c267","h001",NA,NA
"E",27,"2021-10-10","c409","h001",NA,NA
"E",28,"2021-10-10","c409","h001",NA,NA
"E",29,"2021-10-10","c409","h001",NA,NA
"E",30,"2021-10-10","c409","h001",NA,NA
"E",31,"2021-10-10","c409","h001",NA,NA
"E",31,"2021-10-10","c364","h001",NA,NA
"E",32,"2021-10-10","c364","h001",NA,NA
"E",33,"2021-10-10","c364","h001",NA,NA
"E",34,"2021-10-10","c364","h001",NA,NA
"E",34,"2021-10-10","c373","h001",NA,NA
"E",35,"2021-10-10","c373","h001",NA,NA
"E",36,"2021-10-10","c373","h001",NA,NA
"E",37,"2021-10-10","c373","h001",NA,NA
"E",38,"2021-10-10","c373","h001",NA,NA
"E",39,"2021-10-10","c373","h001",NA,NA
"E",39,"2021-10-10","c058","h001",NA,NA
"E",40,"2021-10-10","c058","h001",NA,NA
"E",41,"2021-10-10","c058","h001",NA,NA
"E",42,"2021-10-10","c058","h001",NA,NA
"E",43,"2021-10-10","c058","h001",NA,NA
"E",44,"2021-10-10","c058","h001",NA,NA
"E",0,"2021-10-10","c428","h001",NA,NA
"E",1,"2021-10-10","c428","h001",NA,NA
"E",2,"2021-10-10","c428","h001",NA,NA
"E",3,"2021-10-10","c428","h001",NA,NA
"E",3,"2021-10-10","c403","h001",NA,NA
"E",4,"2021-10-10","c403","h001",NA,NA
"E",5,"2021-10-10","c403","h001",NA,NA
"E",5,"2021-10-10","c165","h001",NA,NA
"E",6,"2021-10-10","c165","h001",NA,NA
"E",7,"2021-10-10","c165","h001",NA,NA
"E",8,"2021-10-10","c165","h001",NA,NA
"E",9,"2021-10-10","c165","h001",NA,NA
"E",10,"2021-10-10","c165","h001",NA,NA
"E",10,"2021-10-10","c030","h001",NA,NA
"E",11,"2021-10-10","c030","h001",NA,NA
"E",12,"2021-10-10","c030","h001",NA,NA
"E",12,"2021-10-10","c348","h001",NA,NA
"E",13,"2021-10-10","c348","h001",NA,NA
"E",14,"2021-10-10","c348","h001",NA,NA
"E",15,"2021-10-10","c348","h001",NA,NA
"E",16,"2021-10-10","c348","h001",NA,NA
"E",17,"2021-10-10","c348","h001",NA,NA
"E",17,"2021-10-10","c479","h001",NA,NA
"E",18,"2021-10-10","c479","h001",NA,NA
"E",19,"2021-10-10","c479","h001",NA,NA
"E",20,"2021-10-10","c479","h001",NA,NA
"E",20,"2021-10-10","c005","h001",NA,NA
"E",21,"2021-10-10","c005","h001",NA,NA
"E",22,"2021-10-10","c005","h001",NA,NA
"E",23,"2021-10-10","c005","h001",NA,NA
"E",23,"2021-10-10","c175","h001",NA,NA
"E",24,"2021-10-10","c175","h001",NA,NA
"E",25,"2021-10-10","c175","h001",NA,NA
"E",26,"2021-10-10","c175","h001",NA,NA
"E",27,"2021-10-10","c175","h001",NA,NA
"E",27,"2021-10-10","c208","h001",NA,NA
"E",28,"2021-10-10","c208","h001",NA,NA
"E",29,"2021-10-10","c208","h001",NA,NA
"E",30,"2021-10-10","c208","h001",NA,NA
"E",31,"2021-10-10","c208","h001",NA,NA
"E",32,"2021-10-10","c208","h001",NA,NA
"E",32,"2021-10-10","c188","h001",NA,NA
"E",33,"2021-10-10","c188","h001",NA,NA
"E",34,"2021-10-10","c188","h001",NA,NA
"E",35,"2021-10-10","c188","h001",NA,NA
"E",36,"2021-10-10","c188","h001",NA,NA
"C",0,"2021-10-11","c102","h004",NA,0
"C",1,"2021-10-11","c102","h004",NA,0
"C",2,"2021-10-11","c102","h004",NA,0
"C",3,"2021-10-11","c102","h004",NA,0
"C",4,"2021-10-11","c102","h004",NA,0
"C",5,"2021-10-11","c107","h002",NA,0
"C",6,"2021-10-11","c107","h002",NA,0
"C",7,"2021-10-11","c107","h002",NA,0
"C",8,"2021-10-11","c107","h002",NA,0
"C",9,"2021-10-11","c107","h002",NA,0
"C",10,"2021-10-11","c107","h002",NA,0
"C",11,"2021-10-11","c107","h002",NA,0
"C",12,"2021-10-11","c107","h002",NA,0
"C",13,"2021-10-11","c107","h002",NA,0
"C",14,"2021-10-11","c107","h002",NA,0
"C",15,"2021-10-11","c107","h002",NA,0
"C",16,"2021-10-11","c108","h001",NA,0
"C",17,"2021-10-11","c108","h001",NA,0
"C",18,"2021-10-11","c108","h001",NA,0
"C",19,"2021-10-11","c108","h001",NA,0
"C",20,"2021-10-11","c108","h001",NA,0
"C",21,"2021-10-11","c108","h001",NA,0
"C",22,"2021-10-11","c108","h001",NA,0
"C",23,"2021-10-11","c108","h001",NA,0
"C",24,"2021-10-11","c108","h001",NA,0
"C",25,"2021-10-11","c108","h001",NA,0
"C",26,"2021-10-11","c116","h004",NA,0
"C",27,"2021-10-11","c116","h004",NA,0
"C",28,"2021-10-11","c116","h004",NA,0
"C",29,"2021-10-11","c116","h004",NA,0
"C",30,"2021-10-11","c116","h004",NA,0
"C",31,"2021-10-11","c116","h004",NA,0
"C",32,"2021-10-11","c116","h004",NA,0
"C",33,"2021-10-11","c116","h004",NA,0
"C",34,"2021-10-11","c116","h004",NA,0
"C",35,"2021-10-11","c126","h004",NA,0
"C",36,"2021-10-11","c126","h004",NA,0
"C",37,"2021-10-11","c126","h004",NA,0
"C",38,"2021-10-11","c126","h004",NA,0
"C",39,"2021-10-11","c126","h004",NA,0
"C",40,"2021-10-11","c130","h004",NA,0
"C",41,"2021-10-11","c130","h004",NA,0
"C",42,"2021-10-11","c130","h004",NA,0
"C",43,"2021-10-11","c130","h004",NA,0
"C",44,"2021-10-11","c131","h001",NA,0
"C",45,"2021-10-11","c131","h001",NA,0
"C",46,"2021-10-11","c131","h001",NA,0
"C",47,"2021-10-11","c131","h001",NA,0
"C",0,"2021-10-11","c103","h004",NA,1
"C",1,"2021-10-11","c103","h004",NA,1
"C",2,"2021-10-11","c103","h004",NA,1
"C",3,"2021-10-11","c103","h004",NA,1
"C",4,"2021-10-11","c103","h004",NA,1
"C",5,"2021-10-11","c103","h004",NA,1
"C",6,"2021-10-11","c106","h001",NA,1
"C",7,"2021-10-11","c106","h001",NA,1
"C",8,"2021-10-11","c106","h001",NA,1
"C",9,"2021-10-11","c106","h001",NA,1
"C",10,"2021-10-11","c106","h001",NA,1
"C",11,"2021-10-11","c106","h001",NA,1
"C",12,"2021-10-11","c113","h003",NA,1
"C",13,"2021-10-11","c113","h003",NA,1
"C",14,"2021-10-11","c113","h003",NA,1
"C",15,"2021-10-11","c113","h003",NA,1
"C",16,"2021-10-11","c113","h003",NA,1
"C",17,"2021-10-11","c113","h003",NA,1
"C",18,"2021-10-11","c118","h003",NA,1
"C",19,"2021-10-11","c118","h003",NA,1
"C",20,"2021-10-11","c118","h003",NA,1
"C",21,"2021-10-11","c118","h003",NA,1
"C",22,"2021-10-11","c118","h003",NA,1
"C",23,"2021-10-11","c119","h001",NA,1
"C",24,"2021-10-11","c119","h001",NA,1
"C",25,"2021-10-11","c119","h001",NA,1
"C",26,"2021-10-11","c119","h001",NA,1
"C",27,"2021-10-11","c119","h001",NA,1
"C",28,"2021-10-11","c119","h001",NA,1
"C",29,"2021-10-11","c119","h001",NA,1
"C",30,"2021-10-11","c119","h001",NA,1
"C",31,"2021-10-11","c119","h001",NA,1
"C",32,"2021-10-11","c123","h003",NA,1
"C",33,"2021-10-11","c123","h003",NA,1
"C",34,"2021-10-11","c123","h003",NA,1
"C",35,"2021-10-11","c123","h003",NA,1
"C",36,"2021-10-11","c123","h003",NA,1
"C",37,"2021-10-11","c123","h003",NA,1
"C",38,"2021-10-11","c123","h003",NA,1
"C",39,"2021-10-11","c123","h003",NA,1
"C",40,"2021-10-11","c123","h003",NA,1
"C",41,"2021-10-11","c129","h004",NA,1
"C",42,"2021-10-11","c129","h004",NA,1
"C",43,"2021-10-11","c129","h004",NA,1
"C",44,"2021-10-11","c129","h004",NA,1
"C",45,"2021-10-11","c129","h004",NA,1
"C",46,"2021-10-11","c129","h004",NA,1
"C",47,"2021-10-11","c129","h004",NA,1
"C",0,"2021-10-11","c110","h002",NA,2
"C",1,"2021-10-11","c110","h002",NA,2
"C",2,"2021-10-11","c110","h002",NA,2
"C",3,"2021-10-11","c110","h002",NA,2
"C",4,"2021-10-11","c110","h002",NA,2
"C",5,"2021-10-11","c110","h002",NA,2
"C",6,"2021-10-11","c110","h002",NA,2
"C",7,"2021-10-11","c112","h003",NA,2
"C",8,"2021-10-11","c112","h003",NA,2
"C",9,"2021-10-11","c112","h003",NA,2
"C",10,"2021-10-11","c112","h003",NA,2
"C",11,"2021-10-11","c112","h003",NA,2
"C",12,"2021-10-11","c112","h003",NA,2
"C",13,"2021-10-11","c112","h003",NA,2
"C",14,"2021-10-11","c114","h002",NA,2
"C",15,"2021-10-11","c114","h002",NA,2
"C",16,"2021-10-11","c114","h002",NA,2
"C",17,"2021-10-11","c114","h002",NA,2
"C",18,"2021-10-11","c114","h002",NA,2
"C",19,"2021-10-11","c114","h002",NA,2
"C",20,"2021-10-11","c114","h002",NA,2
"C",21,"2021-10-11","c114","h002",NA,2
"C",22,"2021-10-11","c114","h002",NA,2
"C",23,"2021-10-11","c117","h004",NA,2
"C",24,"2021-10-11","c117","h004",NA,2
"C",25,"2021-10-11","c117","h004",NA,2
"C",26,"2021-10-11","c117","h004",NA,2
"C",27,"2021-10-11","c117","h004",NA,2
"C",28,"2021-10-11","c125","h002",NA,2
"C",29,"2021-10-11","c125","h002",NA,2
"C",30,"2021-10-11","c125","h002",NA,2
"C",31,"2021-10-11","c125","h002",NA,2
"C",32,"2021-10-11","c125","h002",NA,2
"C",33,"2021-10-11","c125","h002",NA,2
"C",34,"2021-10-11","c125","h002",NA,2
"C",35,"2021-10-11","c125","h002",NA,2
"C",36,"2021-10-11","c127","h004",NA,2
"C",37,"2021-10-11","c127","h004",NA,2
"C",38,"2021-10-11","c127","h004",NA,2
"C",39,"2021-10-11","c127","h004",NA,2
"C",40,"2021-10-11","c134","h001",NA,2
"C",41,"2021-10-11","c134","h001",NA,2
"C",42,"2021-10-11","c134","h001",NA,2
"C",43,"2021-10-11","c134","h001",NA,2
"C",44,"2021-10-11","c134","h001",NA,2
"C",45,"2021-10-11","c134","h001",NA,2
"C",46,"2021-10-11","c134","h001",NA,2
"C",47,"2021-10-11","c134","h001",NA,2
"C",0,"2021-10-11","c101","h004",NA,3
"C",1,"2021-10-11","c101","h004",NA,3
"C",2,"2021-10-11","c101","h004",NA,3
"C",3,"2021-10-11","c101","h004",NA,3
"C",4,"2021-10-11","c101","h004",NA,3
"C",5,"2021-10-11","c101","h004",NA,3
"C",6,"2021-10-11","c101","h004",NA,3
"C",7,"2021-10-11","c101","h004",NA,3
"C",8,"2021-10-11","c104","h004",NA,3
"C",9,"2021-10-11","c104","h004",NA,3
"C",10,"2021-10-11","c104","h004",NA,3
"C",11,"2021-10-11","c104","h004",NA,3
"C",12,"2021-10-11","c104","h004",NA,3
"C",13,"2021-10-11","c104","h004",NA,3
"C",14,"2021-10-11","c104","h004",NA,3
"C",15,"2021-10-11","c104","h004",NA,3
"C",16,"2021-10-11","c104","h004",NA,3
"C",17,"2021-10-11","c111","h001",NA,3
"C",18,"2021-10-11","c111","h001",NA,3
"C",19,"2021-10-11","c111","h001",NA,3
"C",20,"2021-10-11","c111","h001",NA,3
"C",21,"2021-10-11","c111","h001",NA,3
"C",22,"2021-10-11","c111","h001",NA,3
"C",23,"2021-10-11","c111","h001",NA,3
"C",24,"2021-10-11","c111","h001",NA,3
"C",25,"2021-10-11","c120","h002",NA,3
"C",26,"2021-10-11","c120","h002",NA,3
"C",27,"2021-10-11","c120","h002",NA,3
"C",28,"2021-10-11","c120","h002",NA,3
"C",29,"2021-10-11","c120","h002",NA,3
"C",30,"2021-10-11","c120","h002",NA,3
"C",31,"2021-10-11","c120","h002",NA,3
"C",32,"2021-10-11","c120","h002",NA,3
"C",33,"2021-10-11","c120","h002",NA,3
"C",34,"2021-10-11","c120","h002",NA,3
"C",35,"2021-10-11","c124","h003",NA,3
"C",36,"2021-10-11","c124","h003",NA,3
"C",37,"2021-10-11","c124","h003",NA,3
"C",38,"2021-10-11","c124","h003",NA,3
"C",39,"2021-10-11","c124","h003",NA,3
"C",40,"2021-10-11","c124","h003",NA,3
"C",41,"2021-10-11","c124","h003",NA,3
"C",42,"2021-10-11","c137","h003",NA,3
"C",43,"2021-10-11","c137","h003",NA,3
"C",44,"2021-10-11","c137","h003",NA,3
"C",45,"2021-10-11","c137","h003",NA,3
"C",46,"2021-10-11","c137","h003",NA,3
"C",47,"2021-10-11","c137","h003",NA,3
"D",1,"2021-10-11","c101","h004",NA,NA
"D",2,"2021-10-11","c101","h004",NA,NA
"D",3,"2021-10-11","c101","h004",NA,NA
"D",4,"2021-10-11","c101","h004",NA,NA
"D",5,"2021-10-11","c101","h004",NA,NA
"D",6,"2021-10-11","c101","h004",NA,NA
"D",7,"2021-10-11","c101","h004",NA,NA
"D",8,"2021-10-11","c101","h004",NA,NA
"D",1,"2021-10-11","c102","h004",NA,NA
"D",2,"2021-10-11","c102","h004",NA,NA
"D",3,"2021-10-11","c102","h004",NA,NA
"D",4,"2021-10-11","c102","h004",NA,NA
"D",5,"2021-10-11","c102","h004",NA,NA
"D",1,"2021-10-11","c103","h004",NA,NA
"D",2,"2021-10-11","c103","h004",NA,NA
"D",3,"2021-10-11","c103","h004",NA,NA
"D",4,"2021-10-11","c103","h004",NA,NA
"D",5,"2021-10-11","c103","h004",NA,NA
"D",6,"2021-10-11","c103","h004",NA,NA
"D",1,"2021-10-11","c104","h004",NA,NA
"D",2,"2021-10-11","c104","h004",NA,NA
"D",3,"2021-10-11","c104","h004",NA,NA
"D",4,"2021-10-11","c104","h004",NA,NA
"D",5,"2021-10-11","c104","h004",NA,NA
"D",6,"2021-10-11","c104","h004",NA,NA
"D",7,"2021-10-11","c104","h004",NA,NA
"D",8,"2021-10-11","c104","h004",NA,NA
"D",9,"2021-10-11","c104","h004",NA,NA
"D",6,"2021-10-11","c105","h002",NA,NA
"D",7,"2021-10-11","c105","h002",NA,NA
"D",8,"2021-10-11","c105","h002",NA,NA
"D",9,"2021-10-11","c105","h002",NA,NA
"D",10,"2021-10-11","c105","h002",NA,NA
"D",11,"2021-10-11","c105","h002",NA,NA
"D",12,"2021-10-11","c105","h002",NA,NA
"D",7,"2021-10-11","c106","h001",NA,NA
"D",8,"2021-10-11","c106","h001",NA,NA
"D",9,"2021-10-11","c106","h001",NA,NA
"D",10,"2021-10-11","c106","h001",NA,NA
"D",11,"2021-10-11","c106","h001",NA,NA
"D",12,"2021-10-11","c106","h001",NA,NA
"D",9,"2021-10-11","c107","h002",NA,NA
"D",10,"2021-10-11","c107","h002",NA,NA
"D",11,"2021-10-11","c107","h002",NA,NA
"D",12,"2021-10-11","c107","h002",NA,NA
"D",13,"2021-10-11","c107","h002",NA,NA
"D",14,"2021-10-11","c107","h002",NA,NA
"D",15,"2021-10-11","c107","h002",NA,NA
"D",16,"2021-10-11","c107","h002",NA,NA
"D",17,"2021-10-11","c107","h002",NA,NA
"D",18,"2021-10-11","c107","h002",NA,NA
"D",19,"2021-10-11","c107","h002",NA,NA
"D",10,"2021-10-11","c108","h001",NA,NA
"D",11,"2021-10-11","c108","h001",NA,NA
"D",12,"2021-10-11","c108","h001",NA,NA
"D",13,"2021-10-11","c108","h001",NA,NA
"D",14,"2021-10-11","c108","h001",NA,NA
"D",15,"2021-10-11","c108","h001",NA,NA
"D",16,"2021-10-11","c108","h001",NA,NA
"D",17,"2021-10-11","c108","h001",NA,NA
"D",18,"2021-10-11","c108","h001",NA,NA
"D",19,"2021-10-11","c108","h001",NA,NA
"D",13,"2021-10-11","c109","h003",NA,NA
"D",14,"2021-10-11","c109","h003",NA,NA
"D",15,"2021-10-11","c109","h003",NA,NA
"D",16,"2021-10-11","c109","h003",NA,NA
"D",17,"2021-10-11","c109","h003",NA,NA
"D",13,"2021-10-11","c110","h002",NA,NA
"D",14,"2021-10-11","c110","h002",NA,NA
"D",15,"2021-10-11","c110","h002",NA,NA
"D",16,"2021-10-11","c110","h002",NA,NA
"D",17,"2021-10-11","c110","h002",NA,NA
"D",18,"2021-10-11","c110","h002",NA,NA
"D",19,"2021-10-11","c110","h002",NA,NA
"D",18,"2021-10-11","c111","h001",NA,NA
"D",19,"2021-10-11","c111","h001",NA,NA
"D",20,"2021-10-11","c111","h001",NA,NA
"D",21,"2021-10-11","c111","h001",NA,NA
"D",22,"2021-10-11","c111","h001",NA,NA
"D",23,"2021-10-11","c111","h001",NA,NA
"D",24,"2021-10-11","c111","h001",NA,NA
"D",25,"2021-10-11","c111","h001",NA,NA
"D",20,"2021-10-11","c112","h003",NA,NA
"D",21,"2021-10-11","c112","h003",NA,NA
"D",22,"2021-10-11","c112","h003",NA,NA
"D",23,"2021-10-11","c112","h003",NA,NA
"D",24,"2021-10-11","c112","h003",NA,NA
"D",25,"2021-10-11","c112","h003",NA,NA
"D",26,"2021-10-11","c112","h003",NA,NA
"D",20,"2021-10-11","c113","h003",NA,NA
"D",21,"2021-10-11","c113","h003",NA,NA
"D",22,"2021-10-11","c113","h003",NA,NA
"D",23,"2021-10-11","c113","h003",NA,NA
"D",24,"2021-10-11","c113","h003",NA,NA
"D",25,"2021-10-11","c113","h003",NA,NA
"D",20,"2021-10-11","c114","h002",NA,NA
"D",21,"2021-10-11","c114","h002",NA,NA
"D",22,"2021-10-11","c114","h002",NA,NA
"D",23,"2021-10-11","c114","h002",NA,NA
"D",24,"2021-10-11","c114","h002",NA,NA
"D",25,"2021-10-11","c114","h002",NA,NA
"D",26,"2021-10-11","c114","h002",NA,NA
"D",27,"2021-10-11","c114","h002",NA,NA
"D",28,"2021-10-11","c114","h002",NA,NA
"D",26,"2021-10-11","c115","h001",NA,NA
"D",27,"2021-10-11","c115","h001",NA,NA
"D",28,"2021-10-11","c115","h001",NA,NA
"D",29,"2021-10-11","c115","h001",NA,NA
"D",30,"2021-10-11","c115","h001",NA,NA
"D",31,"2021-10-11","c115","h001",NA,NA
"D",32,"2021-10-11","c115","h001",NA,NA
"D",33,"2021-10-11","c115","h001",NA,NA
"D",34,"2021-10-11","c115","h001",NA,NA
"D",26,"2021-10-11","c116","h004",NA,NA
"D",27,"2021-10-11","c116","h004",NA,NA
"D",28,"2021-10-11","c116","h004",NA,NA
"D",29,"2021-10-11","c116","h004",NA,NA
"D",30,"2021-10-11","c116","h004",NA,NA
"D",31,"2021-10-11","c116","h004",NA,NA
"D",32,"2021-10-11","c116","h004",NA,NA
"D",33,"2021-10-11","c116","h004",NA,NA
"D",34,"2021-10-11","c116","h004",NA,NA
"D",27,"2021-10-11","c117","h004",NA,NA
"D",28,"2021-10-11","c117","h004",NA,NA
"D",29,"2021-10-11","c117","h004",NA,NA
"D",30,"2021-10-11","c117","h004",NA,NA
"D",31,"2021-10-11","c117","h004",NA,NA
"D",29,"2021-10-11","c118","h003",NA,NA
"D",30,"2021-10-11","c118","h003",NA,NA
"D",31,"2021-10-11","c118","h003",NA,NA
"D",32,"2021-10-11","c118","h003",NA,NA
"D",33,"2021-10-11","c118","h003",NA,NA
"D",32,"2021-10-11","c119","h001",NA,NA
"D",33,"2021-10-11","c119","h001",NA,NA
"D",34,"2021-10-11","c119","h001",NA,NA
"D",35,"2021-10-11","c119","h001",NA,NA
"D",36,"2021-10-11","c119","h001",NA,NA
"D",37,"2021-10-11","c119","h001",NA,NA
"D",38,"2021-10-11","c119","h001",NA,NA
"D",39,"2021-10-11","c119","h001",NA,NA
"D",40,"2021-10-11","c119","h001",NA,NA
"D",34,"2021-10-11","c120","h002",NA,NA
"D",35,"2021-10-11","c120","h002",NA,NA
"D",36,"2021-10-11","c120","h002",NA,NA
"D",37,"2021-10-11","c120","h002",NA,NA
"D",38,"2021-10-11","c120","h002",NA,NA
"D",39,"2021-10-11","c120","h002",NA,NA
"D",40,"2021-10-11","c120","h002",NA,NA
"D",41,"2021-10-11","c120","h002",NA,NA
"D",42,"2021-10-11","c120","h002",NA,NA
"D",43,"2021-10-11","c120","h002",NA,NA
"D",35,"2021-10-11","c121","h003",NA,NA
"D",36,"2021-10-11","c121","h003",NA,NA
"D",37,"2021-10-11","c121","h003",NA,NA
"D",38,"2021-10-11","c121","h003",NA,NA
"D",39,"2021-10-11","c121","h003",NA,NA
"D",40,"2021-10-11","c121","h003",NA,NA
"D",41,"2021-10-11","c121","h003",NA,NA
"D",42,"2021-10-11","c121","h003",NA,NA
"D",43,"2021-10-11","c121","h003",NA,NA
"D",44,"2021-10-11","c121","h003",NA,NA
"D",35,"2021-10-11","c122","h004",NA,NA
"D",36,"2021-10-11","c122","h004",NA,NA
"D",37,"2021-10-11","c122","h004",NA,NA
"D",38,"2021-10-11","c122","h004",NA,NA
"D",39,"2021-10-11","c122","h004",NA,NA
"D",40,"2021-10-11","c122","h004",NA,NA
"D",41,"2021-10-11","c122","h004",NA,NA
"D",42,"2021-10-11","c122","h004",NA,NA
"D",43,"2021-10-11","c122","h004",NA,NA
"D",44,"2021-10-11","c122","h004",NA,NA
"D",45,"2021-10-11","c122","h004",NA,NA
"D",41,"2021-10-11","c124","h003",NA,NA
"D",42,"2021-10-11","c124","h003",NA,NA
"D",43,"2021-10-11","c124","h003",NA,NA
"D",44,"2021-10-11","c124","h003",NA,NA
"D",45,"2021-10-11","c124","h003",NA,NA
"D",46,"2021-10-11","c124","h003",NA,NA
"D",47,"2021-10-11","c124","h003",NA,NA
"D",44,"2021-10-11","c127","h004",NA,NA
"D",45,"2021-10-11","c127","h004",NA,NA
"D",46,"2021-10-11","c127","h004",NA,NA
"D",47,"2021-10-11","c127","h004",NA,NA
